157
NP_001139376.1_aquaporin_isoform_1__Acyrthosiphon_pisum_                         0.0000000 0.0000010 0.6772138 0.6772138 0.9571862 1.0410414 1.0410414 0.8489648 0.8489648 0.8436061 0.8436061 1.0004565 1.0004565 0.8868346 0.9117655 0.9117655 0.8188530 0.7461966 0.7461966 0.6895602 0.6895602 0.7592902 0.8208467 0.8396532 0.8396532 0.8553428 0.7530506 1.0059731 1.0059731 1.0119035 1.0119035 1.0383739 1.0383739 0.9997230 0.9997230 1.0585802 1.0585802 1.0799746 1.0799746 0.9547022 0.9547022 0.8435050 0.9135059 0.8499264 0.7620296 0.7620296 0.8419651 0.8150179 0.8426028 0.9079033 0.9079033 0.9320229 0.9511546 0.8643958 0.8917011 0.9040404 0.8932299 0.7758466 0.7154680 0.7154680 0.7664975 0.9618385 1.0794415 1.0180908 0.9731780 0.9705450 0.9705450 1.0102470 1.0496231 1.0496231 1.1091843 1.1091843 1.2263460 1.2263460 0.9724638 0.9978135 0.9144109 0.9078481 0.8875414 0.8875414 1.1787279 1.3388927 1.3388927 1.2919741 1.2770022 1.2770022 1.2740689 1.1217085 1.1217085 1.1298412 1.1298412 1.0410739 1.0410739 1.0666924 1.1515178 1.1515178 1.1003057 1.1003057 1.0667142 1.0667142 1.0048769 1.2157689 1.2157689 1.3180406 1.3157361 1.3157361 1.2737886 1.2737886 1.4399559 1.1250595 1.1250595 1.1580402 1.1415428 1.1415428 1.1824753 1.1824753 1.1551371 1.1551371 1.1583077 1.1583077 1.2757246 1.2757246 0.9837754 1.1598321 1.1598321 1.0742042 1.0742042 1.8985231 1.2417818 1.2417818 1.2149443 1.1585440 1.3538700 1.2959527 1.3938778 1.4519792 1.4519792 1.2912230 1.4116722 1.3524048 1.3524048 1.3794184 1.3794184 1.4895411 1.5212377 1.5087245 1.5105247 1.6248267 1.4264446 1.9506977 1.9506977 1.5944287 1.5995607 2.0634993 1.9221623 1.5318647 1.6888475 
XP_029346917.1_aquaporin_AQPAe.a-like_isoform_X3__Acyrthosiphon_pisum_           0.0000010 0.0000000 0.6772138 0.6772138 0.9571862 1.0410414 1.0410414 0.8489648 0.8489648 0.8436061 0.8436061 1.0004565 1.0004565 0.8868346 0.9117655 0.9117655 0.8188530 0.7461966 0.7461966 0.6895602 0.6895602 0.7592902 0.8208467 0.8396532 0.8396532 0.8553428 0.7530506 1.0059731 1.0059731 1.0119035 1.0119035 1.0383739 1.0383739 0.9997230 0.9997230 1.0585802 1.0585802 1.0799746 1.0799746 0.9547022 0.9547022 0.8435050 0.9135059 0.8499264 0.7620296 0.7620296 0.8419651 0.8150179 0.8426028 0.9079033 0.9079033 0.9320229 0.9511546 0.8643958 0.8917011 0.9040404 0.8932299 0.7758466 0.7154680 0.7154680 0.7664975 0.9618385 1.0794415 1.0180908 0.9731780 0.9705450 0.9705450 1.0102470 1.0496231 1.0496231 1.1091843 1.1091843 1.2263460 1.2263460 0.9724638 0.9978135 0.9144109 0.9078481 0.8875414 0.8875414 1.1787279 1.3388927 1.3388927 1.2919741 1.2770022 1.2770022 1.2740689 1.1217085 1.1217085 1.1298412 1.1298412 1.0410739 1.0410739 1.0666924 1.1515178 1.1515178 1.1003057 1.1003057 1.0667142 1.0667142 1.0048769 1.2157689 1.2157689 1.3180406 1.3157361 1.3157361 1.2737886 1.2737886 1.4399559 1.1250595 1.1250595 1.1580402 1.1415428 1.1415428 1.1824753 1.1824753 1.1551371 1.1551371 1.1583077 1.1583077 1.2757246 1.2757246 0.9837754 1.1598321 1.1598321 1.0742042 1.0742042 1.8985231 1.2417818 1.2417818 1.2149443 1.1585440 1.3538700 1.2959527 1.3938778 1.4519792 1.4519792 1.2912230 1.4116722 1.3524048 1.3524048 1.3794184 1.3794184 1.4895411 1.5212377 1.5087245 1.5105247 1.6248267 1.4264446 1.9506977 1.9506977 1.5944287 1.5995607 2.0634993 1.9221623 1.5318647 1.6888475 
XP_019872963.2_aquaporin_AQPAe.a_isoform_X1__Aethina_tumida_                     0.6772138 0.6772138 0.0000000 0.0000010 0.3406671 0.4572081 0.4572081 0.4328258 0.4328258 0.4495837 0.4495837 0.8558637 0.8558637 0.7683593 0.7007967 0.7007967 0.7454102 0.6704411 0.6704411 0.5543953 0.5543953 0.5464371 0.6177554 0.6618084 0.6618084 0.6700479 0.5356157 0.6652929 0.6652929 0.6719153 0.6719153 0.5969065 0.5969065 0.5868096 0.5868096 0.6477034 0.6477034 0.6596394 0.6596394 0.6675921 0.6675921 0.6136638 0.7458511 0.6910101 0.5468794 0.5468794 0.5924888 0.6184169 0.6113161 0.7435914 0.7435914 0.8917703 0.9377739 0.8553092 0.8673388 0.8212177 0.8221237 0.7008756 0.6065503 0.6065503 0.6452655 0.7987275 0.7868015 0.4167520 0.7863664 0.8552433 0.8552433 0.7508455 0.8072820 0.8072820 0.8365183 0.8365183 0.9743502 0.9743502 0.8958229 0.9880755 0.8155431 0.8234226 0.7401131 0.7401131 0.9138341 0.9228657 0.9228657 0.8669669 0.8361399 0.8361399 0.9272820 0.8563398 0.8563398 1.1513695 1.1513695 0.8893437 0.8893437 0.9577686 0.9441374 0.9441374 0.9502681 0.9502681 0.9298020 0.9298020 0.9052485 1.1740487 1.1740487 1.1814719 1.1600210 1.1600210 1.2165466 1.2165466 1.3352395 0.9628617 0.9628617 0.8676356 1.0562176 1.0562176 1.0297603 1.0297603 1.1300565 1.1300565 1.1315640 1.1315640 1.1621436 1.1621436 0.8993344 0.8341141 0.8341141 0.9180657 0.9180657 1.8304260 1.4696312 1.4696312 1.5271729 1.4805412 1.5051341 1.5016767 1.5393798 1.4450392 1.4450392 1.3334520 1.4189802 1.3000111 1.3000111 1.3048560 1.3048560 1.6736508 1.6004214 1.4578124 1.4441292 1.5069497 1.4910279 1.8097493 1.8097493 1.4640641 1.6881889 1.8873615 1.8304545 1.3717313 1.2427814 
XP_049821553.1_aquaporin_AQPAe.a_isoform_X2__Aethina_tumida_                     0.6772138 0.6772138 0.0000010 0.0000000 0.3406671 0.4572081 0.4572081 0.4328258 0.4328258 0.4495837 0.4495837 0.8558637 0.8558637 0.7683593 0.7007967 0.7007967 0.7454102 0.6704411 0.6704411 0.5543953 0.5543953 0.5464371 0.6177554 0.6618084 0.6618084 0.6700479 0.5356157 0.6652929 0.6652929 0.6719153 0.6719153 0.5969065 0.5969065 0.5868096 0.5868096 0.6477034 0.6477034 0.6596394 0.6596394 0.6675921 0.6675921 0.6136638 0.7458511 0.6910101 0.5468794 0.5468794 0.5924888 0.6184169 0.6113161 0.7435914 0.7435914 0.8917703 0.9377739 0.8553092 0.8673388 0.8212177 0.8221237 0.7008756 0.6065503 0.6065503 0.6452655 0.7987275 0.7868015 0.4167520 0.7863664 0.8552433 0.8552433 0.7508455 0.8072820 0.8072820 0.8365183 0.8365183 0.9743502 0.9743502 0.8958229 0.9880755 0.8155431 0.8234226 0.7401131 0.7401131 0.9138341 0.9228657 0.9228657 0.8669669 0.8361399 0.8361399 0.9272820 0.8563398 0.8563398 1.1513695 1.1513695 0.8893437 0.8893437 0.9577686 0.9441374 0.9441374 0.9502681 0.9502681 0.9298020 0.9298020 0.9052485 1.1740487 1.1740487 1.1814719 1.1600210 1.1600210 1.2165466 1.2165466 1.3352395 0.9628617 0.9628617 0.8676356 1.0562176 1.0562176 1.0297603 1.0297603 1.1300565 1.1300565 1.1315640 1.1315640 1.1621436 1.1621436 0.8993344 0.8341141 0.8341141 0.9180657 0.9180657 1.8304260 1.4696312 1.4696312 1.5271729 1.4805412 1.5051341 1.5016767 1.5393798 1.4450392 1.4450392 1.3334520 1.4189802 1.3000111 1.3000111 1.3048560 1.3048560 1.6736508 1.6004214 1.4578124 1.4441292 1.5069497 1.4910279 1.8097493 1.8097493 1.4640641 1.6881889 1.8873615 1.8304545 1.3717313 1.2427814 
XP_018566280.1_aquaporin_AQPAe.a__Anoplophora_glabripennis_                      0.9571862 0.9571862 0.3406671 0.3406671 0.0000000 0.3913946 0.3913946 0.4072755 0.4072755 0.4578208 0.4578208 0.9303276 0.9303276 0.7534043 0.7618533 0.7618533 0.7228228 0.7273604 0.7273604 0.5971176 0.5971176 0.6046489 0.7075788 0.6549310 0.6549310 0.6534678 0.5309255 0.7859874 0.7859874 0.6890177 0.6890177 0.6083197 0.6083197 0.6061735 0.6061735 0.7302479 0.7302479 0.7839397 0.7839397 0.6325874 0.6325874 0.6792741 0.8005035 0.8255566 0.7048879 0.7048879 0.8135238 0.6896316 0.8977681 0.8981257 0.8981257 1.0055736 1.0094814 0.9520010 0.9557794 0.9240370 0.9396073 0.7577775 0.7239923 0.7239923 0.7485473 0.8390072 0.9682493 0.5181024 0.7720174 0.9237445 0.9237445 0.8313021 0.8289546 0.8289546 0.9272838 0.9272838 1.0194305 1.0194305 0.8390571 1.0649375 0.9130288 0.9295323 0.8894783 0.8894783 0.8376622 0.8411861 0.8411861 0.8156511 0.7474817 0.7474817 0.8632965 0.7773978 0.7773978 1.0818824 1.0818824 0.8639132 0.8639132 0.9803705 0.8515312 0.8515312 0.9113370 0.9113370 0.9153030 0.9153030 0.9126844 1.1218238 1.1218238 1.0757973 1.1021353 1.1021353 1.1414253 1.1414253 1.2188378 0.9639739 0.9639739 0.9692537 1.0178223 1.0178223 0.9334455 0.9334455 1.0244639 1.0244639 1.0492589 1.0492589 1.1662050 1.1662050 1.1009937 0.9012613 0.9012613 1.1826344 1.1826344 1.8648657 1.4888480 1.4888480 1.6355448 1.4593603 1.4443804 1.4559123 1.6769799 1.3338909 1.3338909 1.3665722 1.6435826 1.3439250 1.3439250 1.3649171 1.3649171 1.8934224 1.7373462 1.6083901 1.5987141 1.6333784 1.8259720 1.8434819 1.8434819 1.4662586 1.7111680 1.8108574 1.8673316 1.4862106 1.2731871 
XP_015839381.1_PREDICTED_aquaporin_AQPAe.a_isoform_X2__Tribolium_castaneum_      1.0410414 1.0410414 0.4572081 0.4572081 0.3913946 0.0000000 0.0000010 0.4981954 0.4981954 0.5312514 0.5312514 0.9921176 0.9921176 0.8730897 0.8730222 0.8730222 0.8345873 0.8202499 0.8202499 0.7797361 0.7797361 0.6407120 0.7584828 0.6728341 0.6728341 0.6772507 0.6931289 0.7863276 0.7863276 0.7644150 0.7644150 0.6506017 0.6506017 0.6463940 0.6463940 0.7462535 0.7462535 0.7870861 0.7870861 0.7011938 0.7011938 0.8041863 0.8728816 0.9248462 0.7247352 0.7247352 0.9086143 0.7269018 0.8988597 0.9095563 0.9095563 0.9955907 1.0010168 1.0078479 0.9864095 0.9749204 0.9913960 0.8161942 0.7367570 0.7367570 0.8146306 0.9626708 1.0472578 0.5658074 0.8086706 0.9154885 0.9154885 0.8196120 0.8241726 0.8241726 0.9234205 0.9234205 1.0283742 1.0283742 0.9469848 1.0992401 0.9323553 0.9519279 0.9228060 0.9228060 0.9566639 1.0167928 1.0167928 0.9500927 0.9609894 0.9609894 0.9586458 0.9300570 0.9300570 1.0465896 1.0465896 0.9269695 0.9269695 1.0843813 0.9417632 0.9417632 0.9239464 0.9239464 0.9415510 0.9415510 0.9373033 1.2466313 1.2466313 1.2984044 1.3058717 1.3058717 1.3702842 1.3702842 1.2992764 1.0877908 1.0877908 1.1169812 1.0025568 1.0025568 1.0209042 1.0209042 1.1060144 1.1060144 1.0638180 1.0638180 1.1592083 1.1592083 1.2005008 0.9240986 0.9240986 1.0854632 1.0854632 1.7104067 1.5303088 1.5303088 1.6315456 1.5681103 1.4983852 1.5008541 1.6142506 1.5502322 1.5502322 1.5489958 1.7681750 1.5232330 1.5232330 1.4653205 1.4653205 1.7862710 1.8410827 1.7325961 1.6632480 1.6831805 1.6076638 2.0591453 2.0591453 1.6058222 1.7210250 2.0755494 1.8911552 1.6278287 1.3936373 
XP_972862.1_PREDICTED_aquaporin_AQPcic_isoform_X1__Tribolium_castaneum_          1.0410414 1.0410414 0.4572081 0.4572081 0.3913946 0.0000010 0.0000000 0.4981954 0.4981954 0.5312514 0.5312514 0.9921176 0.9921176 0.8730897 0.8730222 0.8730222 0.8345873 0.8202499 0.8202499 0.7797361 0.7797361 0.6407120 0.7584828 0.6728341 0.6728341 0.6772507 0.6931289 0.7863276 0.7863276 0.7644150 0.7644150 0.6506017 0.6506017 0.6463940 0.6463940 0.7462535 0.7462535 0.7870861 0.7870861 0.7011938 0.7011938 0.8041863 0.8728816 0.9248462 0.7247352 0.7247352 0.9086143 0.7269018 0.8988597 0.9095563 0.9095563 0.9955907 1.0010168 1.0078479 0.9864095 0.9749204 0.9913960 0.8161942 0.7367570 0.7367570 0.8146306 0.9626708 1.0472578 0.5658074 0.8086706 0.9154885 0.9154885 0.8196120 0.8241726 0.8241726 0.9234205 0.9234205 1.0283742 1.0283742 0.9469848 1.0992401 0.9323553 0.9519279 0.9228060 0.9228060 0.9566639 1.0167928 1.0167928 0.9500927 0.9609894 0.9609894 0.9586458 0.9300570 0.9300570 1.0465896 1.0465896 0.9269695 0.9269695 1.0843813 0.9417632 0.9417632 0.9239464 0.9239464 0.9415510 0.9415510 0.9373033 1.2466313 1.2466313 1.2984044 1.3058717 1.3058717 1.3702842 1.3702842 1.2992764 1.0877908 1.0877908 1.1169812 1.0025568 1.0025568 1.0209042 1.0209042 1.1060144 1.1060144 1.0638180 1.0638180 1.1592083 1.1592083 1.2005008 0.9240986 0.9240986 1.0854632 1.0854632 1.7104067 1.5303088 1.5303088 1.6315456 1.5681103 1.4983852 1.5008541 1.6142506 1.5502322 1.5502322 1.5489958 1.7681750 1.5232330 1.5232330 1.4653205 1.4653205 1.7862710 1.8410827 1.7325961 1.6632480 1.6831805 1.6076638 2.0591453 2.0591453 1.6058222 1.7210250 2.0755494 1.8911552 1.6278287 1.3936373 
XP_044761979.1_aquaporin_AQPAn.G-like_isoform_X1__Coccinella_septempunctata_     0.8489648 0.8489648 0.4328258 0.4328258 0.4072755 0.4981954 0.4981954 0.0000000 0.0000010 0.0851619 0.0851619 0.9979631 0.9979631 0.8575245 0.8958492 0.8958492 0.7871252 0.7436986 0.7436986 0.7153604 0.7153604 0.6560519 0.6986216 0.6660856 0.6660856 0.6797224 0.5741081 0.8024140 0.8024140 0.7648477 0.7648477 0.6459031 0.6459031 0.6593863 0.6593863 0.7313520 0.7313520 0.8229878 0.8229878 0.6748455 0.6748455 0.7653382 0.8255995 0.8929184 0.4906896 0.4906896 0.6906130 0.6988246 0.8874060 0.9400447 0.9400447 0.9765101 0.9381489 0.9729409 0.9767138 0.8727282 0.8877461 0.8425070 0.7355664 0.7355664 0.8046995 1.0031545 0.9421899 0.6570536 0.7480141 0.8060423 0.8060423 0.7474221 0.7633899 0.7633899 0.7494549 0.7494549 0.9107815 0.9107815 0.7969139 0.9755145 0.8162143 0.8223886 0.7537437 0.7537437 0.8945318 0.9590554 0.9590554 0.8645961 0.8291838 0.8291838 0.8973831 0.8013780 0.8013780 1.0677498 1.0677498 0.8156921 0.8156921 0.8363470 0.9843548 0.9843548 0.9351214 0.9351214 0.8768993 0.8768993 0.8806244 1.2358611 1.2358611 1.2444206 1.3147112 1.3147112 1.2768090 1.2768090 1.3049903 0.9639971 0.9639971 0.9450559 0.9277926 0.9277926 0.9334269 0.9334269 1.0241889 1.0241889 1.0192581 1.0192581 1.0988463 1.0988463 1.0236208 0.8940878 0.8940878 0.9348725 0.9348725 1.9741853 1.4697887 1.4697887 1.4524114 1.4297879 1.4618333 1.4203740 1.5541009 1.4831919 1.4831919 1.4334998 1.5267675 1.3622710 1.3622710 1.3964755 1.3964755 1.8300169 1.5027155 1.5235083 1.4389570 1.6442263 1.5508970 1.9966569 1.9966569 1.3458101 1.7290002 2.0046892 1.6655428 1.5506269 1.3480895 
XP_044761980.1_aquaporin_AQPAn.G-like_isoform_X2__Coccinella_septempunctata_     0.8489648 0.8489648 0.4328258 0.4328258 0.4072755 0.4981954 0.4981954 0.0000010 0.0000000 0.0851619 0.0851619 0.9979631 0.9979631 0.8575245 0.8958492 0.8958492 0.7871252 0.7436986 0.7436986 0.7153604 0.7153604 0.6560519 0.6986216 0.6660856 0.6660856 0.6797224 0.5741081 0.8024140 0.8024140 0.7648477 0.7648477 0.6459031 0.6459031 0.6593863 0.6593863 0.7313520 0.7313520 0.8229878 0.8229878 0.6748455 0.6748455 0.7653382 0.8255995 0.8929184 0.4906896 0.4906896 0.6906130 0.6988246 0.8874060 0.9400447 0.9400447 0.9765101 0.9381489 0.9729409 0.9767138 0.8727282 0.8877461 0.8425070 0.7355664 0.7355664 0.8046995 1.0031545 0.9421899 0.6570536 0.7480141 0.8060423 0.8060423 0.7474221 0.7633899 0.7633899 0.7494549 0.7494549 0.9107815 0.9107815 0.7969139 0.9755145 0.8162143 0.8223886 0.7537437 0.7537437 0.8945318 0.9590554 0.9590554 0.8645961 0.8291838 0.8291838 0.8973831 0.8013780 0.8013780 1.0677498 1.0677498 0.8156921 0.8156921 0.8363470 0.9843548 0.9843548 0.9351214 0.9351214 0.8768993 0.8768993 0.8806244 1.2358611 1.2358611 1.2444206 1.3147112 1.3147112 1.2768090 1.2768090 1.3049903 0.9639971 0.9639971 0.9450559 0.9277926 0.9277926 0.9334269 0.9334269 1.0241889 1.0241889 1.0192581 1.0192581 1.0988463 1.0988463 1.0236208 0.8940878 0.8940878 0.9348725 0.9348725 1.9741853 1.4697887 1.4697887 1.4524114 1.4297879 1.4618333 1.4203740 1.5541009 1.4831919 1.4831919 1.4334998 1.5267675 1.3622710 1.3622710 1.3964755 1.3964755 1.8300169 1.5027155 1.5235083 1.4389570 1.6442263 1.5508970 1.9966569 1.9966569 1.3458101 1.7290002 2.0046892 1.6655428 1.5506269 1.3480895 
XP_045475581.1_aquaporin_AQPAe.a-like_isoform_X1__Harmonia_axyridis_             0.8436061 0.8436061 0.4495837 0.4495837 0.4578208 0.5312514 0.5312514 0.0851619 0.0851619 0.0000000 0.0000010 0.9586943 0.9586943 0.7782918 0.8589798 0.8589798 0.7431366 0.7714861 0.7714861 0.7833338 0.7833338 0.7173394 0.7315777 0.7333398 0.7333398 0.7477082 0.5938924 0.8391118 0.8391118 0.8169291 0.8169291 0.6992998 0.6992998 0.7085067 0.7085067 0.7626920 0.7626920 0.8462841 0.8462841 0.6580451 0.6580451 0.7414044 0.7716169 0.8416735 0.5289738 0.5289738 0.7257327 0.7322223 0.9158409 0.9696181 0.9696181 0.9777995 0.9839708 0.9874657 0.9912645 0.9614387 0.9777297 0.8332014 0.7850587 0.7850587 0.8568128 0.9781766 1.0073455 0.6928641 0.7766859 0.7782210 0.7782210 0.7633081 0.7698133 0.7698133 0.7728477 0.7728477 0.9599127 0.9599127 0.8328639 0.9841575 0.8472089 0.8513230 0.7722542 0.7722542 0.9269376 0.9713127 0.9713127 0.9113544 0.8744736 0.8744736 0.8908507 0.8311704 0.8311704 1.0612013 1.0612013 0.8332408 0.8332408 0.8735102 1.0187683 1.0187683 0.9525683 0.9525683 0.8645374 0.8645374 0.8976198 1.2611679 1.2611679 1.2455679 1.3132027 1.3132027 1.2787033 1.2787033 1.3600364 0.9147650 0.9147650 0.8798909 0.9591445 0.9591445 0.9672431 0.9672431 1.0379622 1.0379622 1.0390955 1.0390955 1.0844767 1.0844767 1.0722895 0.9276053 0.9276053 0.9712729 0.9712729 1.8619756 1.4662574 1.4662574 1.4256287 1.4498953 1.4977275 1.4579960 1.6254051 1.4074949 1.4074949 1.3879346 1.4380925 1.3795373 1.3795373 1.3349596 1.3349596 1.8572106 1.5380972 1.5586700 1.4772210 1.6152906 1.4853846 1.8376522 1.8376522 1.3288842 1.7094538 1.9536169 1.5889083 1.5339915 1.3271317 
XP_045475663.1_aquaporin_AQPAe.a-like_isoform_X2__Harmonia_axyridis_             0.8436061 0.8436061 0.4495837 0.4495837 0.4578208 0.5312514 0.5312514 0.0851619 0.0851619 0.0000010 0.0000000 0.9586943 0.9586943 0.7782918 0.8589798 0.8589798 0.7431366 0.7714861 0.7714861 0.7833338 0.7833338 0.7173394 0.7315777 0.7333398 0.7333398 0.7477082 0.5938924 0.8391118 0.8391118 0.8169291 0.8169291 0.6992998 0.6992998 0.7085067 0.7085067 0.7626920 0.7626920 0.8462841 0.8462841 0.6580451 0.6580451 0.7414044 0.7716169 0.8416735 0.5289738 0.5289738 0.7257327 0.7322223 0.9158409 0.9696181 0.9696181 0.9777995 0.9839708 0.9874657 0.9912645 0.9614387 0.9777297 0.8332014 0.7850587 0.7850587 0.8568128 0.9781766 1.0073455 0.6928641 0.7766859 0.7782210 0.7782210 0.7633081 0.7698133 0.7698133 0.7728477 0.7728477 0.9599127 0.9599127 0.8328639 0.9841575 0.8472089 0.8513230 0.7722542 0.7722542 0.9269376 0.9713127 0.9713127 0.9113544 0.8744736 0.8744736 0.8908507 0.8311704 0.8311704 1.0612013 1.0612013 0.8332408 0.8332408 0.8735102 1.0187683 1.0187683 0.9525683 0.9525683 0.8645374 0.8645374 0.8976198 1.2611679 1.2611679 1.2455679 1.3132027 1.3132027 1.2787033 1.2787033 1.3600364 0.9147650 0.9147650 0.8798909 0.9591445 0.9591445 0.9672431 0.9672431 1.0379622 1.0379622 1.0390955 1.0390955 1.0844767 1.0844767 1.0722895 0.9276053 0.9276053 0.9712729 0.9712729 1.8619756 1.4662574 1.4662574 1.4256287 1.4498953 1.4977275 1.4579960 1.6254051 1.4074949 1.4074949 1.3879346 1.4380925 1.3795373 1.3795373 1.3349596 1.3349596 1.8572106 1.5380972 1.5586700 1.4772210 1.6152906 1.4853846 1.8376522 1.8376522 1.3288842 1.7094538 1.9536169 1.5889083 1.5339915 1.3271317 
XP_004535901.1_aquaporin_isoform_X1__Ceratitis_capitata_                         1.0004565 1.0004565 0.8558637 0.8558637 0.9303276 0.9921176 0.9921176 0.9979631 0.9979631 0.9586943 0.9586943 0.0000000 0.0000010 0.2622597 0.2823508 0.2823508 0.4624711 0.4472599 0.4472599 0.4796603 0.4796603 0.8030216 0.9553565 0.7335484 0.7335484 0.7350412 0.8538456 0.8376847 0.8376847 0.8478806 0.8478806 0.7925690 0.7925690 0.7957742 0.7957742 0.8257111 0.8257111 0.7928356 0.7928356 0.7159329 0.7159329 0.9009852 0.9461676 0.9156380 0.9240451 0.9240451 0.9454377 0.8551634 0.9422138 1.1812673 1.1812673 1.0920242 1.0848753 1.1255010 1.1160430 0.9415157 0.9300658 0.7210821 0.7737007 0.7737007 0.7871782 0.8505066 1.2152317 0.7138778 1.0367894 1.0032134 1.0032134 1.1394964 1.1377673 1.1377673 1.1651722 1.1651722 1.2080271 1.2080271 1.1966797 1.1279059 1.1794114 1.1606967 1.0064035 1.0064035 1.1857001 1.2501135 1.2501135 1.1533523 1.0944442 1.0944442 1.2104290 1.0353955 1.0353955 1.2714906 1.2714906 1.1351355 1.1351355 1.0870914 1.2239847 1.2239847 1.1695607 1.1695607 1.1046239 1.1046239 1.1402568 1.3118280 1.3118280 1.4049080 1.4083605 1.4083605 1.2999867 1.2999867 1.5387194 1.1040636 1.1040636 1.0351082 1.2026550 1.2026550 1.1240578 1.1240578 1.2346954 1.2346954 1.2227661 1.2227661 1.1728981 1.1728981 1.2742660 1.2419579 1.2419579 1.1330303 1.1330303 1.8395698 1.9819769 1.9819769 1.7814719 1.7263506 1.5252167 1.5637366 1.8793766 1.7773854 1.7773854 1.5753458 1.7630106 1.7462209 1.7462209 1.6912590 1.6912590 2.1330042 1.9309174 1.6984916 1.8551234 1.6834781 1.7409483 2.0059828 2.0059828 1.6837623 1.6040623 2.1344209 2.1166182 1.8771386 1.7460946 
XP_020717055.1_aquaporin_isoform_X2__Ceratitis_capitata_                         1.0004565 1.0004565 0.8558637 0.8558637 0.9303276 0.9921176 0.9921176 0.9979631 0.9979631 0.9586943 0.9586943 0.0000010 0.0000000 0.2622597 0.2823508 0.2823508 0.4624711 0.4472599 0.4472599 0.4796603 0.4796603 0.8030216 0.9553565 0.7335484 0.7335484 0.7350412 0.8538456 0.8376847 0.8376847 0.8478806 0.8478806 0.7925690 0.7925690 0.7957742 0.7957742 0.8257111 0.8257111 0.7928356 0.7928356 0.7159329 0.7159329 0.9009852 0.9461676 0.9156380 0.9240451 0.9240451 0.9454377 0.8551634 0.9422138 1.1812673 1.1812673 1.0920242 1.0848753 1.1255010 1.1160430 0.9415157 0.9300658 0.7210821 0.7737007 0.7737007 0.7871782 0.8505066 1.2152317 0.7138778 1.0367894 1.0032134 1.0032134 1.1394964 1.1377673 1.1377673 1.1651722 1.1651722 1.2080271 1.2080271 1.1966797 1.1279059 1.1794114 1.1606967 1.0064035 1.0064035 1.1857001 1.2501135 1.2501135 1.1533523 1.0944442 1.0944442 1.2104290 1.0353955 1.0353955 1.2714906 1.2714906 1.1351355 1.1351355 1.0870914 1.2239847 1.2239847 1.1695607 1.1695607 1.1046239 1.1046239 1.1402568 1.3118280 1.3118280 1.4049080 1.4083605 1.4083605 1.2999867 1.2999867 1.5387194 1.1040636 1.1040636 1.0351082 1.2026550 1.2026550 1.1240578 1.1240578 1.2346954 1.2346954 1.2227661 1.2227661 1.1728981 1.1728981 1.2742660 1.2419579 1.2419579 1.1330303 1.1330303 1.8395698 1.9819769 1.9819769 1.7814719 1.7263506 1.5252167 1.5637366 1.8793766 1.7773854 1.7773854 1.5753458 1.7630106 1.7462209 1.7462209 1.6912590 1.6912590 2.1330042 1.9309174 1.6984916 1.8551234 1.6834781 1.7409483 2.0059828 2.0059828 1.6837623 1.6040623 2.1344209 2.1166182 1.8771386 1.7460946 
NP_001295945.1_aquaporin__Musca_domestica_                                       0.8868346 0.8868346 0.7683593 0.7683593 0.7534043 0.8730897 0.8730897 0.8575245 0.8575245 0.7782918 0.7782918 0.2622597 0.2622597 0.0000000 0.2797352 0.2797352 0.3607693 0.3829164 0.3829164 0.4324766 0.4324766 0.7042668 0.7787201 0.6091753 0.6091753 0.6236739 0.7238136 0.7422328 0.7422328 0.6876930 0.6876930 0.6700963 0.6700963 0.6835151 0.6835151 0.6666452 0.6666452 0.7243352 0.7243352 0.6439928 0.6439928 0.7217715 0.8082179 0.8826725 0.8211358 0.8211358 0.8630414 0.7438181 0.8737887 0.9495393 0.9495393 0.9502985 0.9591227 0.9276940 0.9571908 0.8177356 0.8072086 0.6463345 0.6992158 0.6992158 0.7566598 0.7580253 1.0014779 0.6614975 0.8133483 0.9202998 0.9202998 0.9160765 0.9981715 0.9981715 1.0141609 1.0141609 1.1780613 1.1780613 1.0954146 1.0299330 1.0298731 1.0290248 0.9668234 0.9668234 1.0413714 1.1260938 1.1260938 1.0177469 0.9911512 0.9911512 1.0926293 0.9496088 0.9496088 1.1547202 1.1547202 0.9694934 0.9694934 0.9049527 1.0167042 1.0167042 0.9345596 0.9345596 0.9379724 0.9379724 0.9733264 1.2462103 1.2462103 1.2459456 1.3096258 1.3096258 1.1371279 1.1371279 1.4430390 0.9794026 0.9794026 0.9187819 1.2122209 1.2122209 1.1292581 1.1292581 1.1816472 1.1816472 1.1815477 1.1815477 1.1665194 1.1665194 1.0807864 1.2004281 1.2004281 1.1084091 1.1084091 1.6930661 1.6748205 1.6748205 1.5084498 1.6443793 1.5672220 1.6481705 1.7256303 1.5217950 1.5217950 1.4305843 1.6227595 1.5161492 1.5161492 1.4490944 1.4490944 2.0242213 1.8689430 1.6330823 1.7974174 1.7561740 1.5597227 1.8254993 1.8254993 1.7342339 1.5759309 1.9025404 2.0842018 1.9552787 1.7718775 
XP_016930412.1_aquaporin_isoform_X1__Drosophila_suzukii_                         0.9117655 0.9117655 0.7007967 0.7007967 0.7618533 0.8730222 0.8730222 0.8958492 0.8958492 0.8589798 0.8589798 0.2823508 0.2823508 0.2797352 0.0000000 0.0000010 0.3903466 0.3420994 0.3420994 0.4550757 0.4550757 0.6237001 0.8021160 0.6307245 0.6307245 0.6288501 0.6754662 0.6481425 0.6481425 0.7010969 0.7010969 0.6259309 0.6259309 0.6155098 0.6155098 0.6504828 0.6504828 0.6585852 0.6585852 0.6067581 0.6067581 0.7100080 0.9184411 0.8788244 0.7992468 0.7992468 0.8836627 0.6614245 0.8873049 1.0631621 1.0631621 1.0037099 0.9774952 0.9634973 0.9647003 0.8501066 0.8391229 0.6854931 0.7830083 0.7830083 0.7892273 0.7313850 1.0582738 0.5920968 0.9542583 0.9085247 0.9085247 0.8940818 0.9552683 0.9552683 1.1339334 1.1339334 1.1580300 1.1580300 1.1412828 1.0716533 1.1333340 1.1138439 1.0600720 1.0600720 1.1426238 1.2672214 1.2672214 1.1818327 1.1173909 1.1173909 1.2227118 1.0651385 1.0651385 1.1090793 1.1090793 1.0498844 1.0498844 0.9355959 1.0993189 1.0993189 1.0269233 1.0269233 1.0669057 1.0669057 1.0735718 1.2202806 1.2202806 1.2081336 1.2812611 1.2812611 1.2502645 1.2502645 1.4072258 1.1697237 1.1697237 0.9983434 1.1523454 1.1523454 1.0588667 1.0588667 1.1511151 1.1511151 1.1328436 1.1328436 1.1520692 1.1520692 1.1494408 1.1733944 1.1733944 1.0564806 1.0564806 1.7901268 1.6684622 1.6684622 1.6336846 1.4628701 1.5091869 1.5312011 1.5711058 1.7310238 1.7310238 1.5154207 1.5859459 1.4508080 1.4508080 1.3730191 1.3730191 1.7713721 1.9289208 1.5976055 1.6955890 1.6103535 1.5686392 2.0216035 2.0216035 1.7837442 1.5880490 1.8619573 2.1205989 1.8246145 1.8096656 
XP_036669236.1_aquaporin_isoform_X2__Drosophila_suzukii_                         0.9117655 0.9117655 0.7007967 0.7007967 0.7618533 0.8730222 0.8730222 0.8958492 0.8958492 0.8589798 0.8589798 0.2823508 0.2823508 0.2797352 0.0000010 0.0000000 0.3903466 0.3420994 0.3420994 0.4550757 0.4550757 0.6237001 0.8021160 0.6307245 0.6307245 0.6288501 0.6754662 0.6481425 0.6481425 0.7010969 0.7010969 0.6259309 0.6259309 0.6155098 0.6155098 0.6504828 0.6504828 0.6585852 0.6585852 0.6067581 0.6067581 0.7100080 0.9184411 0.8788244 0.7992468 0.7992468 0.8836627 0.6614245 0.8873049 1.0631621 1.0631621 1.0037099 0.9774952 0.9634973 0.9647003 0.8501066 0.8391229 0.6854931 0.7830083 0.7830083 0.7892273 0.7313850 1.0582738 0.5920968 0.9542583 0.9085247 0.9085247 0.8940818 0.9552683 0.9552683 1.1339334 1.1339334 1.1580300 1.1580300 1.1412828 1.0716533 1.1333340 1.1138439 1.0600720 1.0600720 1.1426238 1.2672214 1.2672214 1.1818327 1.1173909 1.1173909 1.2227118 1.0651385 1.0651385 1.1090793 1.1090793 1.0498844 1.0498844 0.9355959 1.0993189 1.0993189 1.0269233 1.0269233 1.0669057 1.0669057 1.0735718 1.2202806 1.2202806 1.2081336 1.2812611 1.2812611 1.2502645 1.2502645 1.4072258 1.1697237 1.1697237 0.9983434 1.1523454 1.1523454 1.0588667 1.0588667 1.1511151 1.1511151 1.1328436 1.1328436 1.1520692 1.1520692 1.1494408 1.1733944 1.1733944 1.0564806 1.0564806 1.7901268 1.6684622 1.6684622 1.6336846 1.4628701 1.5091869 1.5312011 1.5711058 1.7310238 1.7310238 1.5154207 1.5859459 1.4508080 1.4508080 1.3730191 1.3730191 1.7713721 1.9289208 1.5976055 1.6955890 1.6103535 1.5686392 2.0216035 2.0216035 1.7837442 1.5880490 1.8619573 2.1205989 1.8246145 1.8096656 
XP_019893216.1_PREDICTED_aquaporin_isoform_X1__Musca_domestica_                  0.8188530 0.8188530 0.7454102 0.7454102 0.7228228 0.8345873 0.8345873 0.7871252 0.7871252 0.7431366 0.7431366 0.4624711 0.4624711 0.3607693 0.3903466 0.3903466 0.0000000 0.3652999 0.3652999 0.4528106 0.4528106 0.6674211 0.7732324 0.6202183 0.6202183 0.6236147 0.6605546 0.6319681 0.6319681 0.6300450 0.6300450 0.6421477 0.6421477 0.6224818 0.6224818 0.6824935 0.6824935 0.7758203 0.7758203 0.6582233 0.6582233 0.6918448 0.8626608 0.8842912 0.6666794 0.6666794 0.7881891 0.6595707 0.8669356 0.9233848 0.9233848 0.9424995 0.9714877 0.9274700 0.9391820 0.9192943 0.9080740 0.6090900 0.7185583 0.7185583 0.7509897 0.8703040 0.9986427 0.5825429 0.7538132 0.7915060 0.7915060 0.7866225 0.8418031 0.8418031 0.9427210 0.9427210 1.0984032 1.0984032 0.9207767 0.8855345 1.0125571 1.0012061 0.9433379 0.9433379 1.1075225 1.1125668 1.1125668 1.1210458 1.0993881 1.0993881 1.0641927 0.9875156 0.9875156 1.0446756 1.0446756 0.9074859 0.9074859 0.8952890 1.0055442 1.0055442 0.9246957 0.9246957 0.9683283 0.9683283 0.9509925 1.1303349 1.1303349 1.1355468 1.2325441 1.2325441 1.1790665 1.1790665 1.3736283 1.0859217 1.0859217 0.9296974 1.0183846 1.0183846 1.0690764 1.0690764 1.0297860 1.0297860 1.0459337 1.0459337 1.0728999 1.0728999 1.0387151 1.1283338 1.1283338 1.1676560 1.1676560 1.6488446 1.6936961 1.6936961 1.3731442 1.4993715 1.6141414 1.6469997 1.6992290 1.4805972 1.4805972 1.4802167 1.4666172 1.4587680 1.4587680 1.4653735 1.4653735 1.6870803 1.6696633 1.4267052 1.5834026 1.4649594 1.3766962 1.9745285 1.9745285 1.5339164 1.5541474 1.6065350 1.8937676 1.9374286 1.8139429 
XP_055916611.1_aquaporin_AQPAn.G_isoform_X1__Eupeodes_corollae_                  0.7461966 0.7461966 0.6704411 0.6704411 0.7273604 0.8202499 0.8202499 0.7436986 0.7436986 0.7714861 0.7714861 0.4472599 0.4472599 0.3829164 0.3420994 0.3420994 0.3652999 0.0000000 0.0000010 0.3233906 0.3233906 0.5892718 0.7229414 0.5627523 0.5627523 0.5657746 0.6467541 0.6498369 0.6498369 0.6901103 0.6901103 0.6196917 0.6196917 0.6392549 0.6392549 0.6983678 0.6983678 0.7639924 0.7639924 0.6339854 0.6339854 0.7592663 0.9161251 0.8512315 0.6378042 0.6378042 0.7694185 0.5545001 0.8501174 1.0186685 1.0186685 1.0773531 1.0483290 1.0295045 1.0458938 0.9392592 0.9279743 0.7381951 0.7226245 0.7226245 0.7756435 0.6833317 0.9745401 0.6248075 0.8818665 0.8497690 0.8497690 0.8753821 0.8888660 0.8888660 1.0048440 1.0048440 1.0800678 1.0800678 0.9319967 0.9052495 1.0613344 1.0235326 0.9009831 0.9009831 1.0992132 1.1279850 1.1279850 1.1591019 1.0762620 1.0762620 1.0999726 1.0631092 1.0631092 1.0696499 1.0696499 0.9467809 0.9467809 0.9631281 0.8707866 0.8707866 0.8778860 0.8778860 1.0497758 1.0497758 1.0632813 1.0175514 1.0175514 1.2083503 1.1250353 1.1250353 1.1278642 1.1278642 1.3968484 1.0808691 1.0808691 0.9028743 0.9932134 0.9932134 1.0009748 1.0009748 1.0710575 1.0710575 1.0580741 1.0580741 1.1113987 1.1113987 1.0383124 0.9043295 0.9043295 0.9958743 0.9958743 1.7806227 1.5749867 1.5749867 1.4212001 1.3823343 1.3503517 1.3229727 1.5427754 1.3979838 1.3979838 1.4086096 1.5284255 1.5514962 1.5514962 1.4997064 1.4997064 1.7687447 1.8248316 1.5319832 1.6819322 1.5664869 1.4369970 1.9716656 1.9716656 1.6234032 1.5247874 1.8531340 1.8689453 1.6377288 1.4811225 
XP_055916612.1_aquaporin_AQPAn.G_isoform_X2__Eupeodes_corollae_                  0.7461966 0.7461966 0.6704411 0.6704411 0.7273604 0.8202499 0.8202499 0.7436986 0.7436986 0.7714861 0.7714861 0.4472599 0.4472599 0.3829164 0.3420994 0.3420994 0.3652999 0.0000010 0.0000000 0.3233906 0.3233906 0.5892718 0.7229414 0.5627523 0.5627523 0.5657746 0.6467541 0.6498369 0.6498369 0.6901103 0.6901103 0.6196917 0.6196917 0.6392549 0.6392549 0.6983678 0.6983678 0.7639924 0.7639924 0.6339854 0.6339854 0.7592663 0.9161251 0.8512315 0.6378042 0.6378042 0.7694185 0.5545001 0.8501174 1.0186685 1.0186685 1.0773531 1.0483290 1.0295045 1.0458938 0.9392592 0.9279743 0.7381951 0.7226245 0.7226245 0.7756435 0.6833317 0.9745401 0.6248075 0.8818665 0.8497690 0.8497690 0.8753821 0.8888660 0.8888660 1.0048440 1.0048440 1.0800678 1.0800678 0.9319967 0.9052495 1.0613344 1.0235326 0.9009831 0.9009831 1.0992132 1.1279850 1.1279850 1.1591019 1.0762620 1.0762620 1.0999726 1.0631092 1.0631092 1.0696499 1.0696499 0.9467809 0.9467809 0.9631281 0.8707866 0.8707866 0.8778860 0.8778860 1.0497758 1.0497758 1.0632813 1.0175514 1.0175514 1.2083503 1.1250353 1.1250353 1.1278642 1.1278642 1.3968484 1.0808691 1.0808691 0.9028743 0.9932134 0.9932134 1.0009748 1.0009748 1.0710575 1.0710575 1.0580741 1.0580741 1.1113987 1.1113987 1.0383124 0.9043295 0.9043295 0.9958743 0.9958743 1.7806227 1.5749867 1.5749867 1.4212001 1.3823343 1.3503517 1.3229727 1.5427754 1.3979838 1.3979838 1.4086096 1.5284255 1.5514962 1.5514962 1.4997064 1.4997064 1.7687447 1.8248316 1.5319832 1.6819322 1.5664869 1.4369970 1.9716656 1.9716656 1.6234032 1.5247874 1.8531340 1.8689453 1.6377288 1.4811225 
XP_052562816.1_aquaporin_AQPAe.a_isoform_X2__Culex_pipiens_pallens_              0.6895602 0.6895602 0.5543953 0.5543953 0.5971176 0.7797361 0.7797361 0.7153604 0.7153604 0.7833338 0.7833338 0.4796603 0.4796603 0.4324766 0.4550757 0.4550757 0.4528106 0.3233906 0.3233906 0.0000000 0.0000010 0.5246933 0.5720029 0.5348413 0.5348413 0.5374404 0.6118787 0.5501588 0.5501588 0.5116062 0.5116062 0.4943611 0.4943611 0.4761711 0.4761711 0.5458847 0.5458847 0.6258835 0.6258835 0.5103534 0.5103534 0.6942933 0.8345308 0.7521220 0.6610542 0.6610542 0.6858138 0.5884640 0.8621154 0.9340025 0.9340025 0.8625251 0.8977291 0.7837206 0.7976359 0.7629291 0.7526220 0.5763058 0.6034728 0.6034728 0.6506212 0.6578558 0.8443584 0.5966300 0.7732841 0.8009234 0.8009234 0.7763959 0.8458930 0.8458930 0.8779586 0.8779586 0.9982891 0.9982891 0.8126917 0.8783439 0.9085357 0.8988711 0.8215680 0.8215680 0.9421025 1.0042081 1.0042081 0.9745074 0.9260364 0.9260364 1.0189075 0.9161889 0.9161889 1.0442782 1.0442782 0.9479684 0.9479684 0.8435777 0.9433601 0.9433601 0.8763623 0.8763623 0.9780056 0.9780056 0.9605631 1.0106162 1.0106162 1.1432780 1.1656476 1.1656476 1.0544555 1.0544555 1.3108403 0.9234915 0.9234915 0.9275314 0.9357996 0.9357996 0.9805245 0.9805245 0.9778980 0.9778980 0.9792989 0.9792989 1.0506399 1.0506399 0.9017676 0.9643184 0.9643184 0.9170123 0.9170123 1.8219987 1.4462349 1.4462349 1.3366825 1.3327820 1.2768536 1.3464711 1.6692364 1.4504261 1.4504261 1.3433225 1.5672267 1.3095881 1.3095881 1.2710604 1.2710604 1.7504088 1.6838185 1.5396972 1.5649186 1.6275061 1.6132799 2.1950106 2.1950106 1.5052669 1.7148926 1.9042617 1.8885759 1.4995984 1.4391035 
XP_052562817.1_aquaporin_AQPAe.a_isoform_X2__Culex_pipiens_pallens_              0.6895602 0.6895602 0.5543953 0.5543953 0.5971176 0.7797361 0.7797361 0.7153604 0.7153604 0.7833338 0.7833338 0.4796603 0.4796603 0.4324766 0.4550757 0.4550757 0.4528106 0.3233906 0.3233906 0.0000010 0.0000000 0.5246933 0.5720029 0.5348413 0.5348413 0.5374404 0.6118787 0.5501588 0.5501588 0.5116062 0.5116062 0.4943611 0.4943611 0.4761711 0.4761711 0.5458847 0.5458847 0.6258835 0.6258835 0.5103534 0.5103534 0.6942933 0.8345308 0.7521220 0.6610542 0.6610542 0.6858138 0.5884640 0.8621154 0.9340025 0.9340025 0.8625251 0.8977291 0.7837206 0.7976359 0.7629291 0.7526220 0.5763058 0.6034728 0.6034728 0.6506212 0.6578558 0.8443584 0.5966300 0.7732841 0.8009234 0.8009234 0.7763959 0.8458930 0.8458930 0.8779586 0.8779586 0.9982891 0.9982891 0.8126917 0.8783439 0.9085357 0.8988711 0.8215680 0.8215680 0.9421025 1.0042081 1.0042081 0.9745074 0.9260364 0.9260364 1.0189075 0.9161889 0.9161889 1.0442782 1.0442782 0.9479684 0.9479684 0.8435777 0.9433601 0.9433601 0.8763623 0.8763623 0.9780056 0.9780056 0.9605631 1.0106162 1.0106162 1.1432780 1.1656476 1.1656476 1.0544555 1.0544555 1.3108403 0.9234915 0.9234915 0.9275314 0.9357996 0.9357996 0.9805245 0.9805245 0.9778980 0.9778980 0.9792989 0.9792989 1.0506399 1.0506399 0.9017676 0.9643184 0.9643184 0.9170123 0.9170123 1.8219987 1.4462349 1.4462349 1.3366825 1.3327820 1.2768536 1.3464711 1.6692364 1.4504261 1.4504261 1.3433225 1.5672267 1.3095881 1.3095881 1.2710604 1.2710604 1.7504088 1.6838185 1.5396972 1.5649186 1.6275061 1.6132799 2.1950106 2.1950106 1.5052669 1.7148926 1.9042617 1.8885759 1.4995984 1.4391035 
XP_023708710.1_aquaporin_AQPAn.G__Cryptotermes_secundus_                         0.7592902 0.7592902 0.5464371 0.5464371 0.6046489 0.6407120 0.6407120 0.6560519 0.6560519 0.7173394 0.7173394 0.8030216 0.8030216 0.7042668 0.6237001 0.6237001 0.6674211 0.5892718 0.5892718 0.5246933 0.5246933 0.0000000 0.1553690 0.3356738 0.3356738 0.3466212 0.4031681 0.7257218 0.7257218 0.6095175 0.6095175 0.6594428 0.6594428 0.6378596 0.6378596 0.6157778 0.6157778 0.6505470 0.6505470 0.6223405 0.6223405 0.5027821 0.6949857 0.6513219 0.4575901 0.4575901 0.5299398 0.4140039 0.8397828 0.7640094 0.7640094 0.7014505 0.6903095 0.6527972 0.6358761 0.6502019 0.6403247 0.6387395 0.5834471 0.5834471 0.5878203 0.8236142 0.7435519 0.5730576 0.7090587 0.7372182 0.7372182 0.7546028 0.7541822 0.7541822 0.8594003 0.8594003 0.9452862 0.9452862 0.7931148 0.8358528 0.6624731 0.6604362 0.7063838 0.7063838 0.9004918 1.0001749 1.0001749 0.9256572 0.8770246 0.8770246 0.9870384 0.8753227 0.8753227 0.8832909 0.8832909 0.8127751 0.8127751 0.8056424 0.8547165 0.8547165 0.7715329 0.7715329 0.8258409 0.8258409 0.7931458 0.8493636 0.8493636 1.0006097 0.9666723 0.9666723 0.9232557 0.9232557 1.1540840 0.8065125 0.8065125 0.9571666 0.8458705 0.8458705 0.9297248 0.9297248 0.9512206 0.9512206 0.9526151 0.9526151 1.1311616 1.1311616 0.9990335 0.8559636 0.8559636 0.9815419 0.9815419 1.7768031 1.4698262 1.4698262 1.4331093 1.4539462 1.1980754 1.1935475 1.4585264 1.4976120 1.4976120 1.3266533 1.3838185 1.2741498 1.2741498 1.2539194 1.2539194 1.7778978 1.7602062 1.5271033 1.4888916 1.5891564 1.7022553 1.8866947 1.8866947 1.3259879 1.6637518 1.8875519 1.7091892 1.5283765 1.3802011 
XP_021934042.1_aquaporin_AQPAe.a-like__Zootermopsis_nevadensis_                  0.8208467 0.8208467 0.6177554 0.6177554 0.7075788 0.7584828 0.7584828 0.6986216 0.6986216 0.7315777 0.7315777 0.9553565 0.9553565 0.7787201 0.8021160 0.8021160 0.7732324 0.7229414 0.7229414 0.5720029 0.5720029 0.1553690 0.0000000 0.3793900 0.3793900 0.3931099 0.4711929 0.7529762 0.7529762 0.6254324 0.6254324 0.6818630 0.6818630 0.6706193 0.6706193 0.7120003 0.7120003 0.6928433 0.6928433 0.6710001 0.6710001 0.6705022 0.7494010 0.7907058 0.4879917 0.4879917 0.5566377 0.4601682 0.9216785 0.7816756 0.7816756 0.7750709 0.8060080 0.7982682 0.8187505 0.6703156 0.6583996 0.7847537 0.8358166 0.8358166 0.8205731 0.9707419 0.8989424 0.7242757 0.6864311 0.7529780 0.7529780 0.7409752 0.7916503 0.7916503 0.8565653 0.8565653 0.8818288 0.8818288 0.8854461 0.8853998 0.6146347 0.6351542 0.7783499 0.7783499 0.9878953 1.0342820 1.0342820 1.0096861 0.9190649 0.9190649 1.0495017 0.9377648 0.9377648 0.9308284 0.9308284 0.8286483 0.8286483 0.7445107 0.8775903 0.8775903 0.8847200 0.8847200 0.8152805 0.8152805 0.7813182 0.9087197 0.9087197 1.0561392 0.9482059 0.9482059 0.8981868 0.8981868 1.0423831 0.8173981 0.8173981 0.9361350 1.0025349 1.0025349 1.0677102 1.0677102 1.0587867 1.0587867 1.1010134 1.1010134 1.2992035 1.2992035 1.0104086 0.9314068 0.9314068 1.0303502 1.0303502 1.8421696 1.5529953 1.5529953 1.5689274 1.6767068 1.4131504 1.4122868 1.5315922 1.5909284 1.5909284 1.4131184 1.5272180 1.2344829 1.2344829 1.2518747 1.2518747 1.9111874 1.7341618 1.6120906 1.5856346 1.6317829 1.7613193 2.2002695 2.2002695 1.4233856 1.7740581 1.7831727 1.8932786 1.5521597 1.4205467 
XP_049845799.1_aquaporin_AQPAn.G__Schistocerca_gregaria_                         0.8396532 0.8396532 0.6618084 0.6618084 0.6549310 0.6728341 0.6728341 0.6660856 0.6660856 0.7333398 0.7333398 0.7335484 0.7335484 0.6091753 0.6307245 0.6307245 0.6202183 0.5627523 0.5627523 0.5348413 0.5348413 0.3356738 0.3793900 0.0000000 0.0000010 0.0122481 0.5763898 0.7256271 0.7256271 0.6822336 0.6822336 0.6630413 0.6630413 0.6531869 0.6531869 0.6531085 0.6531085 0.6622030 0.6622030 0.6148914 0.6148914 0.4973636 0.6743973 0.6789092 0.5894303 0.5894303 0.6995220 0.5341685 0.8642370 0.7781898 0.7781898 0.7103374 0.6546544 0.6293657 0.6127839 0.4769711 0.4681866 0.6679512 0.6545166 0.6545166 0.6436942 0.8047956 0.8615739 0.5986786 0.6751197 0.6972866 0.6972866 0.6766678 0.7296614 0.7296614 0.8379298 0.8379298 0.8622166 0.8622166 0.8178395 0.8089350 0.7540713 0.7315407 0.7197296 0.7197296 0.8433119 0.8982203 0.8982203 0.8972762 0.8427068 0.8427068 0.9577127 0.8422827 0.8422827 0.8995535 0.8995535 0.7830631 0.7830631 0.7214386 0.7942446 0.7942446 0.7287898 0.7287898 0.7796040 0.7796040 0.7718166 0.8600864 0.8600864 1.0742206 0.9853639 0.9853639 1.0009916 1.0009916 1.1910826 0.8633948 0.8633948 0.8379295 0.8551704 0.8551704 0.9005996 0.9005996 0.9980003 0.9980003 1.0027762 1.0027762 1.0296825 1.0296825 0.9765915 0.7789115 0.7789115 0.9188574 0.9188574 1.6076702 1.4701249 1.4701249 1.2793819 1.3801027 1.4577057 1.4173467 1.6323112 1.3740332 1.3740332 1.4065537 1.3814873 1.3125284 1.3125284 1.3582428 1.3582428 1.7340087 1.8088170 1.4895333 1.5126802 1.5721587 1.6015118 1.9183523 1.9183523 1.4358210 1.5839308 1.6693730 1.6643228 1.4897457 1.3705465 
