197
XP_001945786.2_heat_shock_protein_70_A1-like__Acyrthosiphon_pisum_                            0.0000000 0.0542548 0.0411555 0.0549436 0.0690361 0.0852169 0.2745451 0.2762919 0.2656430 0.2356755 0.2500787 0.2316645 0.2342476 0.2309996 0.2420660 0.2408396 0.2570183 0.2514946 0.2494097 0.2383339 0.2358954 0.2384255 0.2358821 0.2421699 0.2420972 0.2420972 0.2368712 0.2524314 0.2524314 0.2622401 0.2517585 0.2004358 0.2004358 0.2099854 0.2075509 0.2075509 0.2129014 0.2127838 0.2139649 0.2139649 0.2148109 0.1918776 0.1918776 0.1966770 0.1932736 0.2067684 0.2222327 0.2176611 0.1826832 0.1826832 0.1830861 0.1830861 0.1852241 0.1985277 0.1894767 0.1894767 0.1896352 0.1893489 0.1979602 0.2003509 0.2003509 0.1979602 0.2139133 0.2177692 0.1973316 0.1970422 0.1970422 0.1889959 0.1981640 0.2028442 0.2014332 0.1889865 0.2009073 0.1952899 0.1952899 0.2174856 0.2174856 0.2177553 0.2233279 0.2186908 0.2335140 0.2154516 0.2316130 0.2134194 0.2168114 0.2098101 0.2332181 0.2397706 0.2386218 0.2252898 0.2257550 0.2442015 0.2316385 0.2238805 0.2294432 0.2354479 0.2272604 0.2343720 0.2323304 0.2357546 0.2593189 0.2601757 0.2600359 0.2700799 0.2641867 0.2328986 0.2406469 0.2511649 0.2442012 0.2522276 0.2522276 0.2525156 0.2849823 0.2564577 0.2564577 0.2800990 0.3128359 0.2848192 0.2768580 0.2644259 0.2653476 0.2685500 0.3019905 0.2970987 0.2848884 0.2662176 0.2989861 0.2989861 0.3075560 0.3202255 0.2971771 0.3489177 0.3262640 0.3281481 0.3257324 0.2755539 0.2879290 0.2748612 0.2904250 0.2870391 0.2685498 0.2749860 0.2864275 0.2835252 0.2920215 0.2846511 0.2877627 0.2842517 0.2810134 0.2763161 0.2777089 0.2800613 0.2704787 0.4065580 0.4130361 0.4200030 0.4405921 0.4242706 0.4242706 0.4062501 0.4041914 0.4189398 0.4284575 0.4513486 0.3990480 0.3981749 0.4056560 0.4056560 0.3923750 0.3891109 0.3906684 0.4035718 0.4158953 0.4188473 0.4227419 0.4038530 0.4038530 0.4202713 0.4202713 0.4371326 0.4697326 0.4697326 0.5289466 0.4251988 0.4251988 0.4282854 0.4997728 0.8106975 0.9663535 0.9813063 0.9535467 0.9580140 1.6112328 1.7602190 4.5340116 4.2765226 4.7146427 
XP_015372059.1_PREDICTED_heat_shock_protein_70_A1-like__Diuraphis_noxia_                      0.0542548 0.0000000 0.0358271 0.0778311 0.0854128 0.1000996 0.2955287 0.2998125 0.2737862 0.2552952 0.2490768 0.2404986 0.2431023 0.2353726 0.2500149 0.2574248 0.2581203 0.2596024 0.2574459 0.2488726 0.2464198 0.2489621 0.2464064 0.2527558 0.2459919 0.2459919 0.2420810 0.2599517 0.2599517 0.2709441 0.2692677 0.2167041 0.2167041 0.2286208 0.2267633 0.2267633 0.2401808 0.2418463 0.2444181 0.2444181 0.2358432 0.2076128 0.2076128 0.2125222 0.2073244 0.2177014 0.2360924 0.2314485 0.1946594 0.1946594 0.2086416 0.2086416 0.2108541 0.2184719 0.2068854 0.2068854 0.2070471 0.2067495 0.2196056 0.2220391 0.2220391 0.2196056 0.2334181 0.2385867 0.2293731 0.2266680 0.2266680 0.2082504 0.2180025 0.2227708 0.2213914 0.2105584 0.2352984 0.2080097 0.2080097 0.2347729 0.2347729 0.2350767 0.2417553 0.2403099 0.2502157 0.2507181 0.2565105 0.2434758 0.2423341 0.2396646 0.2487106 0.2534832 0.2534905 0.2315047 0.2319768 0.2564155 0.2503899 0.2394452 0.2526377 0.2543485 0.2550609 0.2477470 0.2457987 0.2538420 0.2800586 0.2744664 0.2880760 0.2859341 0.2937733 0.2573257 0.2653450 0.2797132 0.2654005 0.2666497 0.2666497 0.2669527 0.3057714 0.2883511 0.2883511 0.3024718 0.3399540 0.3010295 0.2965290 0.2660557 0.2666310 0.2767097 0.3041465 0.3036137 0.3007336 0.2801614 0.2987929 0.2987929 0.3329116 0.3319796 0.2965184 0.3607924 0.3443802 0.3429905 0.3464191 0.2915057 0.3050965 0.2918479 0.2954226 0.2919888 0.2830312 0.2881914 0.3027778 0.2855621 0.2971668 0.2872333 0.2903798 0.3139344 0.3127940 0.3029925 0.3093297 0.3077189 0.3016272 0.4344559 0.4418268 0.4395597 0.4548629 0.4426018 0.4426018 0.4300929 0.4279492 0.4483572 0.4577843 0.4873001 0.4221015 0.4211376 0.4229093 0.4229093 0.4183098 0.4145094 0.4161548 0.4118222 0.4364436 0.4375584 0.4397690 0.4298813 0.4298813 0.4409458 0.4409458 0.4561933 0.4894043 0.4894043 0.5411902 0.4491548 0.4491548 0.4523580 0.5270196 0.8119813 0.9998626 0.9951378 0.9798446 0.9688452 1.6592983 1.8257177 4.3995718 4.3967172 4.8112573 
XP_015373896.1_PREDICTED_heat_shock_protein_68-like__Diuraphis_noxia_                         0.0411555 0.0358271 0.0000000 0.0581791 0.0737185 0.0874057 0.2727498 0.2744970 0.2678012 0.2470175 0.2499606 0.2375292 0.2401331 0.2323966 0.2440510 0.2463007 0.2486747 0.2483808 0.2463162 0.2388202 0.2363919 0.2389113 0.2363787 0.2426414 0.2390438 0.2390438 0.2341717 0.2633688 0.2633688 0.2728771 0.2533780 0.2064424 0.2064424 0.2177153 0.2152436 0.2152436 0.2261936 0.2261214 0.2273225 0.2273225 0.2268386 0.2012903 0.2012903 0.2012911 0.2010061 0.2088820 0.2256346 0.2210351 0.1870772 0.1870772 0.1877257 0.1877257 0.1898884 0.2111276 0.2051790 0.2051790 0.2053405 0.2050438 0.2173980 0.2198279 0.2198279 0.2173980 0.2311629 0.2239493 0.2179333 0.2177066 0.2177066 0.2071417 0.2165282 0.2212838 0.2194177 0.2094415 0.2220588 0.2044119 0.2044119 0.2269763 0.2269763 0.2272648 0.2338102 0.2321930 0.2457443 0.2284636 0.2415251 0.2285632 0.2274696 0.2243541 0.2334900 0.2492608 0.2444994 0.2233397 0.2238019 0.2396696 0.2451933 0.2372944 0.2474348 0.2536216 0.2445940 0.2418632 0.2366734 0.2446416 0.2619547 0.2602198 0.2728372 0.2729632 0.2735493 0.2380674 0.2459122 0.2552651 0.2488098 0.2468659 0.2468659 0.2471485 0.2827638 0.2646213 0.2646213 0.2957699 0.3326987 0.2863833 0.2808667 0.2613986 0.2570553 0.2725866 0.3089307 0.3099705 0.2929001 0.2756464 0.2978863 0.2978863 0.3246967 0.3250040 0.2980784 0.3616539 0.3485743 0.3411762 0.3437814 0.2760607 0.2783408 0.2767223 0.2914809 0.2880688 0.2652868 0.2643289 0.2861459 0.2738441 0.2947698 0.2869940 0.2901270 0.2965631 0.2954973 0.2853663 0.2921106 0.2905196 0.2846500 0.4184019 0.4256018 0.4161143 0.4387351 0.4192823 0.4192823 0.4069555 0.4048809 0.4281639 0.4336522 0.4610629 0.4121698 0.4112429 0.4167769 0.4167769 0.4063193 0.4022956 0.4046248 0.4046179 0.4224174 0.4157142 0.4287779 0.4166129 0.4166129 0.4324757 0.4324757 0.4404323 0.4788471 0.4788471 0.5165977 0.4157586 0.4157586 0.4188296 0.4999397 0.8208160 0.9601095 0.9627140 0.9414149 0.9429252 1.6513239 1.8028381 4.4084216 4.2828648 4.7243630 
XP_001951915.1_heat_shock_protein_68-like__Acyrthosiphon_pisum_                               0.0549436 0.0778311 0.0581791 0.0000000 0.0237632 0.0391119 0.2732671 0.2804830 0.2647545 0.2416519 0.2514409 0.2231514 0.2257110 0.2224859 0.2345371 0.2361200 0.2443077 0.2440015 0.2419731 0.2331879 0.2307502 0.2332807 0.2307369 0.2370103 0.2357260 0.2357260 0.2292376 0.2369268 0.2369268 0.2636339 0.2508166 0.2137969 0.2137969 0.2105237 0.2080640 0.2080640 0.2339830 0.2318642 0.2351473 0.2351473 0.2182688 0.1858480 0.1858480 0.1858452 0.1878764 0.2035502 0.2266747 0.2220515 0.1910310 0.1910310 0.1930566 0.1930566 0.1952435 0.1980398 0.2015078 0.2015078 0.2016694 0.2013738 0.2052685 0.2077005 0.2077005 0.2052685 0.2215881 0.2068342 0.2026544 0.1977284 0.1977284 0.1917690 0.2030315 0.2077867 0.2058908 0.2033427 0.2074799 0.2084738 0.2084738 0.2220351 0.2220351 0.2223156 0.2251414 0.2293860 0.2346908 0.2137342 0.2433497 0.2325869 0.2359999 0.2283335 0.2321640 0.2458376 0.2413496 0.2134130 0.2138635 0.2359013 0.2454062 0.2374864 0.2431755 0.2493415 0.2363365 0.2297630 0.2323294 0.2357780 0.2742434 0.2675490 0.2727865 0.2761140 0.2739345 0.2365068 0.2443118 0.2561757 0.2379535 0.2523431 0.2523431 0.2526312 0.2756792 0.2449722 0.2449722 0.2864577 0.3153308 0.2868329 0.2787665 0.2645106 0.2529330 0.2604946 0.2988594 0.2997788 0.2684764 0.2581008 0.2816495 0.2816495 0.3158790 0.3175003 0.2777186 0.3513587 0.3247038 0.3254774 0.3230623 0.2766826 0.2824734 0.2711213 0.2861304 0.2827418 0.2685618 0.2699014 0.2772897 0.2686819 0.2963239 0.2962254 0.2993723 0.2954210 0.2920987 0.2866786 0.2887176 0.2918551 0.2809610 0.4170789 0.4180336 0.4102153 0.4225881 0.4067647 0.4067647 0.3967994 0.3947621 0.4304373 0.4284991 0.4553795 0.4040995 0.4032063 0.4127489 0.4127489 0.3923074 0.3893299 0.3857501 0.4022363 0.4154403 0.4223001 0.4142793 0.4031349 0.4031349 0.4159716 0.4159716 0.4412466 0.4951841 0.4951841 0.5152644 0.4075666 0.4075666 0.4105998 0.4844930 0.7729743 0.9504720 0.9608228 0.9410649 0.9397111 1.6456995 1.8184526 4.5399210 4.3699300 4.8131251 
XP_008190051.1_heat_shock_protein_68-like__Acyrthosiphon_pisum_                               0.0690361 0.0854128 0.0737185 0.0237632 0.0000000 0.0415125 0.2772505 0.2844765 0.2634591 0.2484728 0.2480064 0.2229292 0.2254889 0.2222634 0.2367039 0.2485357 0.2515472 0.2512626 0.2491819 0.2404156 0.2379610 0.2405073 0.2379476 0.2442822 0.2435545 0.2435545 0.2364611 0.2431253 0.2431253 0.2672981 0.2536633 0.2235423 0.2235423 0.2207906 0.2183046 0.2183046 0.2334261 0.2258744 0.2345839 0.2345839 0.2215484 0.1913575 0.1913575 0.1913560 0.1947246 0.2105762 0.2319278 0.2245343 0.1978324 0.1978324 0.2001177 0.2001177 0.2023186 0.2112118 0.2084629 0.2084629 0.2086267 0.2083249 0.2146708 0.2171400 0.2171400 0.2146708 0.2313554 0.2125824 0.2185501 0.2110208 0.2110208 0.2047918 0.2163906 0.2212348 0.2193339 0.2123829 0.2217147 0.2154992 0.2154992 0.2259951 0.2259951 0.2262848 0.2423249 0.2241762 0.2473534 0.2273142 0.2536019 0.2432822 0.2466984 0.2389445 0.2475602 0.2511399 0.2531081 0.2118908 0.2123377 0.2330955 0.2523201 0.2456162 0.2500761 0.2563101 0.2420997 0.2325357 0.2351141 0.2385807 0.2726302 0.2753770 0.2806399 0.2643619 0.2693132 0.2431411 0.2510385 0.2630079 0.2451058 0.2583647 0.2583647 0.2586598 0.2850076 0.2550936 0.2550936 0.2938870 0.3222611 0.2794656 0.2698442 0.2601711 0.2449644 0.2516063 0.2845673 0.2866647 0.2591591 0.2495336 0.2738414 0.2738414 0.3191404 0.3166502 0.2773288 0.3423851 0.3067485 0.3075074 0.3051330 0.2857514 0.2863846 0.2780567 0.2943196 0.2908899 0.2792031 0.2719124 0.2840971 0.2698034 0.3019148 0.3018024 0.3049915 0.3064303 0.3030311 0.2974691 0.2995854 0.3027811 0.2916399 0.4224380 0.4233891 0.4161859 0.4285887 0.4104721 0.4104721 0.4026067 0.4006353 0.4318180 0.4339747 0.4584065 0.4140529 0.4131227 0.4222666 0.4222666 0.4040964 0.4075142 0.4038466 0.4057114 0.4268947 0.4277131 0.4208822 0.4031424 0.4031424 0.4231225 0.4231225 0.4462551 0.5059475 0.5059475 0.5409639 0.4250874 0.4250874 0.4281897 0.4678701 0.7709748 0.9964933 1.0028223 0.9866354 0.9734549 1.6791602 1.8569506 4.4578011 4.4617684 4.9159088 
XP_015375177.1_PREDICTED_heat_shock_protein_68-like__Diuraphis_noxia_                         0.0852169 0.1000996 0.0874057 0.0391119 0.0415125 0.0000000 0.2805561 0.2878181 0.2637771 0.2531362 0.2463861 0.2242914 0.2217278 0.2223404 0.2307150 0.2428814 0.2455918 0.2452868 0.2432319 0.2357088 0.2332482 0.2358019 0.2332348 0.2343275 0.2509657 0.2509657 0.2443165 0.2400676 0.2400676 0.2701715 0.2552983 0.2166211 0.2166211 0.2101911 0.2077342 0.2077342 0.2452748 0.2371096 0.2455071 0.2455071 0.2294872 0.1939211 0.1939211 0.1939202 0.1957454 0.2117492 0.2406338 0.2359249 0.2084674 0.2084674 0.2178849 0.2178849 0.2201388 0.2111627 0.2119792 0.2119792 0.2121437 0.2118392 0.2185704 0.2210507 0.2210507 0.2185704 0.2353735 0.2138973 0.2222176 0.2154944 0.2154944 0.2061125 0.2182172 0.2230862 0.2211799 0.2156206 0.2333741 0.2190496 0.2190496 0.2288247 0.2288247 0.2291192 0.2363769 0.2343648 0.2516684 0.2228590 0.2506541 0.2483825 0.2533392 0.2454746 0.2489524 0.2558540 0.2536927 0.2296424 0.2301178 0.2448585 0.2592896 0.2614673 0.2570146 0.2633651 0.2484614 0.2439223 0.2472870 0.2558134 0.2794851 0.2801195 0.2894239 0.2807851 0.2741714 0.2415717 0.2493874 0.2568826 0.2405101 0.2616435 0.2616435 0.2619417 0.2808241 0.2651224 0.2651224 0.2841456 0.3060799 0.2926077 0.2845159 0.2639837 0.2630650 0.2658151 0.3017441 0.2966187 0.2772356 0.2678117 0.2895041 0.2895041 0.3146675 0.3284027 0.2840389 0.3680337 0.3242182 0.3275588 0.3251319 0.2789453 0.2795322 0.2797728 0.2788871 0.2810328 0.2667849 0.2714483 0.2808744 0.2720649 0.2944149 0.2887242 0.2918509 0.3013739 0.2926072 0.2872042 0.2892380 0.2923644 0.2815055 0.4276103 0.4241526 0.4353777 0.4414709 0.4260468 0.4260468 0.4162111 0.4141278 0.4379622 0.4310010 0.4541600 0.4187419 0.4177936 0.4289216 0.4289216 0.3957914 0.3991562 0.3955420 0.4116547 0.4277146 0.4356219 0.4227620 0.4076354 0.4076354 0.4247927 0.4247927 0.4444118 0.5178038 0.5178038 0.5280777 0.4290206 0.4290206 0.4321399 0.4863578 0.7735584 0.9797380 0.9961931 0.9801749 0.9669837 1.7229708 1.9361367 4.4854834 4.4016617 4.8486266 
XP_049817362.1_major_heat_shock_70_kDa_protein_Ab-like__Aethina_tumida_                       0.2745451 0.2955287 0.2727498 0.2732671 0.2772505 0.2805561 0.0000000 0.0216060 0.1196545 0.1078789 0.1940251 0.2090293 0.2114998 0.1968828 0.2179412 0.2210521 0.2308078 0.2190222 0.2230479 0.2174623 0.2204761 0.2229422 0.2204631 0.2214851 0.2224158 0.2224158 0.2226552 0.2363866 0.2363866 0.2615928 0.2224518 0.2220169 0.2220169 0.2057186 0.2062467 0.2062467 0.2382548 0.2317197 0.2412641 0.2412641 0.2015391 0.2136388 0.2136388 0.2085055 0.2132706 0.2288292 0.2144787 0.2153200 0.2199258 0.2199258 0.2633859 0.2633859 0.2610129 0.2306502 0.2299684 0.2299684 0.2305020 0.2322199 0.2208253 0.2232419 0.2232419 0.2208253 0.2345531 0.2270415 0.2255770 0.2180521 0.2180521 0.2342358 0.2338624 0.2387932 0.2368990 0.2313436 0.2123284 0.2397036 0.2397036 0.2539132 0.2539132 0.2556671 0.2278665 0.2591761 0.2725778 0.2295607 0.2315345 0.2323876 0.2330081 0.2350475 0.2474724 0.2400031 0.2457909 0.2685675 0.2690193 0.2797620 0.2550839 0.2528782 0.2573417 0.2636164 0.2559668 0.2911569 0.2728665 0.2844234 0.2385896 0.2600698 0.2787630 0.2713335 0.2508756 0.2455077 0.2532774 0.2562660 0.2452497 0.2521000 0.2521000 0.2523858 0.2530787 0.2743060 0.2743060 0.2767274 0.3012409 0.2948950 0.3017773 0.2498609 0.2729376 0.2955652 0.2892828 0.2665123 0.2923486 0.3080129 0.3023894 0.3023894 0.2986598 0.2926011 0.2859695 0.3156569 0.3411110 0.3358036 0.3389261 0.3097866 0.3029487 0.3068283 0.3046776 0.3050851 0.2895278 0.3079554 0.3132798 0.2967347 0.2845636 0.2857943 0.2863395 0.3223439 0.3332846 0.3206965 0.3278968 0.3291720 0.3181893 0.4015051 0.4009425 0.3780668 0.3800556 0.3873283 0.3873283 0.3761436 0.3759219 0.4052511 0.3864418 0.4175444 0.3692327 0.3662600 0.3757748 0.3757748 0.3652613 0.3623948 0.3589544 0.3696776 0.3934363 0.3904877 0.3913537 0.3703484 0.3703484 0.3702100 0.3702100 0.4210361 0.4730152 0.4730152 0.4626317 0.4401726 0.4401726 0.4432867 0.4495004 0.8289736 0.9440716 0.9351056 0.9293869 0.9713210 1.7165648 1.8876634 4.2783780 4.3176456 4.7551813 
XP_049817365.1_major_heat_shock_70_kDa_protein_Ba-like__Aethina_tumida_                       0.2762919 0.2998125 0.2744970 0.2804830 0.2844765 0.2878181 0.0216060 0.0000000 0.1219311 0.1249634 0.1944954 0.2197386 0.2222376 0.2074385 0.2274803 0.2282442 0.2427392 0.2306799 0.2348183 0.2267268 0.2297277 0.2322164 0.2297146 0.2307704 0.2219245 0.2219245 0.2230293 0.2437898 0.2437898 0.2636041 0.2295840 0.2265633 0.2265633 0.2103033 0.2108421 0.2108421 0.2462703 0.2395791 0.2493174 0.2493174 0.2132467 0.2200901 0.2200901 0.2149302 0.2197048 0.2280041 0.2171553 0.2172326 0.2235237 0.2235237 0.2681995 0.2681995 0.2658268 0.2215849 0.2238090 0.2238090 0.2243305 0.2260411 0.2194123 0.2170280 0.2170280 0.2194123 0.2331137 0.2257434 0.2213523 0.2138680 0.2138680 0.2299644 0.2295758 0.2344846 0.2325891 0.2270789 0.2075272 0.2343935 0.2343935 0.2498875 0.2498875 0.2516217 0.2229450 0.2649291 0.2793778 0.2418876 0.2330978 0.2336274 0.2348519 0.2368880 0.2547499 0.2518926 0.2444498 0.2653818 0.2658280 0.2768131 0.2512746 0.2490927 0.2535168 0.2597315 0.2521403 0.2877511 0.2694445 0.2810074 0.2433164 0.2679634 0.2763012 0.2719666 0.2618324 0.2487726 0.2565675 0.2559032 0.2525887 0.2603622 0.2603622 0.2606556 0.2610807 0.2796161 0.2796161 0.2819606 0.3045344 0.2900420 0.3017404 0.2472986 0.2838607 0.2996824 0.2903323 0.2688734 0.2959339 0.3100548 0.3084656 0.3084656 0.2948692 0.2865282 0.2945882 0.3084164 0.3400579 0.3347691 0.3373053 0.3067999 0.2999790 0.3145157 0.3053552 0.3057630 0.2881938 0.3096669 0.3101668 0.3022089 0.2823913 0.2782781 0.2788139 0.3243042 0.3302728 0.3177593 0.3249123 0.3261756 0.3201385 0.4095013 0.4089277 0.3891816 0.3922864 0.3986938 0.3986938 0.3871622 0.3869380 0.4142530 0.4010253 0.4325361 0.3844928 0.3814650 0.3878546 0.3878546 0.3726216 0.3697445 0.3662896 0.3798338 0.3983474 0.3942431 0.3943645 0.3690452 0.3690452 0.3748056 0.3748056 0.4315664 0.4736836 0.4736836 0.4736069 0.4447132 0.4447132 0.4478422 0.4577430 0.8274959 0.9339166 0.9425196 0.9256609 0.9647661 1.7148363 1.9071912 4.1629467 4.3532829 4.7947396 
XP_018564820.1_heat_shock_protein_68-like__Anoplophora_glabripennis_                          0.2656430 0.2737862 0.2678012 0.2647545 0.2634591 0.2637771 0.1196545 0.1219311 0.0000000 0.1282243 0.1884031 0.2152504 0.2177246 0.2047404 0.2224687 0.2224570 0.2377051 0.2295637 0.2313880 0.2262209 0.2238300 0.2263132 0.2282006 0.2292531 0.2094412 0.2094412 0.2169476 0.1849904 0.1849904 0.2353798 0.2138119 0.2039582 0.2039582 0.1922120 0.1918652 0.1918652 0.2503476 0.2346874 0.2503308 0.2503308 0.2260850 0.2173280 0.2173280 0.2121820 0.2081614 0.2171075 0.2370199 0.2357024 0.2191166 0.2191166 0.2716088 0.2716088 0.2692321 0.2231891 0.2196785 0.2196785 0.2201962 0.2195784 0.2220083 0.2244391 0.2244391 0.2220083 0.2358283 0.2265464 0.2331776 0.2251141 0.2251141 0.2420417 0.2393086 0.2417160 0.2398320 0.2384947 0.2093208 0.2268554 0.2268554 0.2559581 0.2559581 0.2577231 0.2264424 0.2557949 0.2821533 0.2313392 0.2485644 0.2504988 0.2464259 0.2529730 0.2740273 0.2652706 0.2653137 0.2314861 0.2313341 0.2480917 0.2535562 0.2566931 0.2558080 0.2620596 0.2496463 0.2814636 0.2847039 0.2922207 0.2563431 0.2724415 0.2798133 0.2580285 0.2750205 0.2573653 0.2634786 0.2690099 0.2672983 0.2722761 0.2722761 0.2725805 0.2621698 0.2711530 0.2711530 0.3112771 0.3219330 0.2965609 0.3025906 0.2504306 0.2626621 0.2948044 0.2770192 0.2708210 0.2926659 0.2899861 0.2894589 0.2894589 0.2936161 0.2902227 0.2744182 0.3295481 0.3071149 0.3087948 0.3094324 0.2971011 0.2951625 0.2987651 0.2964955 0.2969008 0.2965791 0.3209760 0.3160591 0.3066698 0.2900708 0.2847474 0.2852952 0.3178548 0.3184926 0.3075033 0.3145513 0.3157832 0.3098687 0.4113652 0.4107990 0.3896748 0.3848521 0.3904814 0.3904814 0.3832836 0.3830608 0.4032594 0.3948136 0.4160709 0.4033192 0.4002199 0.3961526 0.3961526 0.3663426 0.3695378 0.3660956 0.3790785 0.3925393 0.4112686 0.3819420 0.3585527 0.3585527 0.3673073 0.3673073 0.4124785 0.4552384 0.4552384 0.4807375 0.4377614 0.4377614 0.4408413 0.4586458 0.8486087 0.9220428 0.9162846 0.8979530 0.9338076 1.6958081 1.9003856 4.3647746 4.5365641 4.9624518 
NP_001164098.1_heat_shock_protein_TC005094__Tribolium_castaneum_                              0.2356755 0.2552952 0.2470175 0.2416519 0.2484728 0.2531362 0.1078789 0.1249634 0.1282243 0.0000000 0.1743011 0.1825760 0.1849225 0.1788970 0.2042111 0.1895091 0.2039107 0.1951344 0.1966782 0.1878964 0.1898343 0.1922095 0.1898218 0.1955813 0.1925996 0.1925996 0.1931600 0.1972220 0.1972220 0.2139162 0.1937028 0.1807851 0.1807851 0.1766145 0.1762720 0.1762720 0.2022026 0.1914495 0.2001580 0.2001580 0.1922508 0.1812478 0.1812478 0.1811058 0.1803499 0.1966634 0.1796862 0.1779853 0.1874232 0.1874232 0.2257822 0.2257822 0.2235179 0.1897254 0.1891340 0.1891340 0.1887391 0.1912647 0.1861455 0.1884495 0.1884495 0.1861455 0.1988360 0.2111978 0.1853176 0.1843478 0.1843478 0.1911552 0.1889250 0.1935206 0.1916551 0.1842467 0.1774781 0.2143608 0.2143608 0.2329312 0.2329312 0.2345565 0.1902864 0.2214306 0.2392189 0.2024535 0.2219846 0.2182667 0.2202001 0.2222216 0.2255938 0.2105992 0.2317709 0.2269861 0.2268399 0.2384950 0.2285384 0.2353666 0.2307188 0.2366596 0.2363136 0.2687180 0.2627478 0.2711716 0.2177562 0.2166746 0.2279093 0.2300179 0.2204966 0.2171830 0.2272085 0.2355254 0.2195886 0.2232113 0.2232113 0.2234642 0.2356609 0.2561185 0.2561185 0.2688276 0.2638689 0.2691583 0.2687208 0.2295226 0.2558819 0.2577587 0.2511556 0.2446315 0.2652002 0.2798012 0.2800846 0.2800846 0.2860537 0.2789942 0.2656951 0.2959246 0.2885940 0.2975070 0.2957009 0.2660765 0.2801826 0.2839823 0.2886970 0.2836866 0.2663867 0.2943665 0.3037902 0.2812615 0.2712821 0.2709474 0.2714750 0.2775191 0.2851204 0.2733916 0.2800331 0.2811471 0.2710503 0.3959585 0.4075218 0.3615588 0.3728315 0.3739006 0.3739006 0.3587946 0.3585782 0.3961839 0.3726806 0.4105456 0.3722518 0.3692605 0.3725246 0.3725246 0.3486224 0.3458129 0.3424466 0.3530755 0.3726776 0.3926171 0.3794203 0.3552255 0.3552255 0.3556404 0.3556404 0.3978602 0.4478926 0.4478926 0.4757454 0.4015639 0.4015639 0.4045189 0.4539527 0.7943725 0.9743016 0.9808212 0.9641000 1.0008390 1.6900243 1.9310966 4.4844293 4.3385438 4.7473331 
XP_018322391.1_major_heat_shock_70_kDa_protein_Ba-like__Agrilus_planipennis_                  0.2500787 0.2490768 0.2499606 0.2514409 0.2480064 0.2463861 0.1940251 0.1944954 0.1884031 0.1743011 0.0000000 0.1966182 0.1990345 0.2016474 0.2461308 0.2130384 0.2207267 0.2146496 0.2163386 0.2197604 0.2217258 0.2241750 0.2217129 0.2277577 0.2294999 0.2294999 0.2287310 0.1981075 0.1981075 0.2462591 0.1988584 0.2107129 0.2107129 0.2089297 0.2113039 0.2113039 0.1971582 0.2081790 0.2084303 0.2084303 0.2120159 0.1959290 0.1959290 0.1973689 0.1920063 0.1952816 0.2000376 0.1932477 0.1851724 0.1851724 0.2208572 0.2208572 0.2186459 0.2030789 0.2161005 0.2161005 0.2162602 0.2136448 0.2093807 0.2070220 0.2070220 0.2093807 0.2228145 0.2421751 0.2299321 0.2227900 0.2227900 0.2200886 0.2207071 0.2208415 0.2189771 0.2196538 0.2239325 0.2081669 0.2081669 0.2408450 0.2408450 0.2425260 0.2259225 0.2442876 0.2709526 0.2078493 0.2100721 0.2039227 0.1997143 0.2028440 0.2271042 0.2038904 0.2208762 0.2359555 0.2358024 0.2532888 0.2085951 0.2101244 0.2107313 0.2164544 0.2187081 0.2348987 0.2305513 0.2305120 0.2052986 0.2290836 0.2465555 0.2299428 0.2229742 0.2328272 0.2349163 0.2387545 0.2343426 0.2475556 0.2475556 0.2478325 0.2145380 0.2519558 0.2519558 0.2648475 0.3160683 0.2615993 0.2681198 0.2250216 0.2481707 0.2683559 0.2758350 0.2656233 0.2789200 0.2762356 0.2883228 0.2883228 0.2490977 0.2370841 0.2648638 0.2642955 0.3196251 0.3228809 0.3174250 0.2671937 0.2689055 0.2687445 0.2607653 0.2603932 0.2485563 0.2958146 0.2766802 0.2747798 0.2682420 0.2659197 0.2688931 0.2999724 0.2919989 0.2866591 0.2933316 0.2944702 0.2901613 0.4030671 0.4099873 0.3821837 0.4027146 0.3814039 0.3814039 0.3652678 0.3661061 0.4016145 0.3981355 0.4102146 0.3749605 0.3726467 0.3742904 0.3742904 0.3623374 0.3594994 0.3560945 0.3821252 0.3687787 0.3870653 0.3542027 0.3454794 0.3454794 0.3545817 0.3545817 0.3949414 0.4684469 0.4684469 0.4941255 0.3818786 0.3818786 0.3847622 0.4582524 0.7694533 0.9510559 0.9444124 0.9207840 0.9480655 1.6223683 1.7633826 4.0651491 4.1706545 4.5979178 
XP_049823568.1_heat_shock_protein_68-like_isoform_X1__Aethina_tumida_                         0.2316645 0.2404986 0.2375292 0.2231514 0.2229292 0.2242914 0.2090293 0.2197386 0.2152504 0.1825760 0.1966182 0.0000000 0.0016222 0.0148100 0.0807322 0.0820091 0.0957024 0.0928024 0.0928810 0.0900175 0.0880970 0.0900756 0.0880887 0.0925203 0.0800355 0.0800355 0.0887208 0.0985763 0.0985763 0.1097994 0.1363906 0.1460012 0.1460012 0.1360026 0.1356723 0.1356723 0.2111185 0.2003641 0.2163634 0.2163634 0.1724088 0.1557217 0.1557217 0.1556018 0.1531372 0.1654058 0.1615306 0.1601828 0.1500248 0.1500248 0.2069933 0.2069933 0.2048046 0.1789846 0.1833768 0.1833768 0.1828559 0.1854998 0.1793207 0.1816035 0.1816035 0.1793207 0.1918107 0.2147477 0.1732536 0.1690128 0.1690128 0.1669420 0.1684684 0.1729767 0.1733919 0.1694243 0.1885403 0.1833798 0.1833798 0.2138381 0.2138381 0.2144467 0.2024956 0.2043524 0.2140452 0.2075541 0.2084000 0.2091550 0.2082275 0.2083889 0.2147482 0.2238821 0.2306246 0.2133592 0.2107546 0.2346560 0.2034779 0.2080883 0.2056084 0.2112902 0.2054493 0.2444848 0.2337075 0.2427766 0.2141138 0.2401224 0.2322282 0.2220847 0.2271808 0.1968110 0.2040002 0.2166469 0.2031498 0.2119015 0.2119015 0.2140634 0.2235225 0.2181270 0.2181270 0.2636328 0.2924406 0.3130944 0.3078963 0.2423597 0.2501756 0.2556373 0.2871308 0.2493769 0.2855608 0.2850375 0.2866776 0.2866776 0.2903187 0.2899615 0.2860739 0.3113348 0.2951329 0.3015380 0.3013768 0.2735987 0.2774796 0.2717238 0.2745502 0.2695558 0.2440581 0.2746382 0.2861835 0.2803857 0.2896452 0.2894715 0.2900193 0.2782296 0.2813453 0.2703286 0.2763781 0.2774582 0.2688081 0.4181027 0.4078703 0.3807721 0.3978215 0.3601708 0.3601708 0.3731726 0.3729505 0.4062495 0.3947664 0.4299552 0.3892795 0.3934770 0.3912141 0.3912141 0.3846137 0.3879326 0.3843633 0.3956812 0.3902648 0.4133191 0.3866426 0.3779994 0.3779994 0.3862826 0.3862826 0.4033386 0.4539904 0.4539904 0.5117294 0.3429403 0.3429403 0.3456673 0.4946468 0.7920289 0.8808356 0.9120106 0.8911109 0.9266254 1.6632094 1.8802122 4.1588198 4.1538794 4.5731698 
XP_049823569.1_heat_shock_protein_68-like_isoform_X2__Aethina_tumida_                         0.2342476 0.2431023 0.2401331 0.2257110 0.2254889 0.2217278 0.2114998 0.2222376 0.2177246 0.1849225 0.1990345 0.0016222 0.0000000 0.0164888 0.0826778 0.0839467 0.0977174 0.0947935 0.0948729 0.0920176 0.0900922 0.0920766 0.0900838 0.0945372 0.0820349 0.0820349 0.0907593 0.1006225 0.1006225 0.1118907 0.1385607 0.1482705 0.1482705 0.1382249 0.1378933 0.1378933 0.2135990 0.2027801 0.2188608 0.2188608 0.1747339 0.1580080 0.1580080 0.1578864 0.1554115 0.1677259 0.1638355 0.1624935 0.1522816 0.1522816 0.2094136 0.2094136 0.2072206 0.1813081 0.1857094 0.1857094 0.1851801 0.1878367 0.1816465 0.1839349 0.1839349 0.1816465 0.1941957 0.2171875 0.1755892 0.1713393 0.1713393 0.1692402 0.1707878 0.1753069 0.1757278 0.1717355 0.1908903 0.1857089 0.1857089 0.2162744 0.2162744 0.2168917 0.2049402 0.2067606 0.2164973 0.2099905 0.2108597 0.2116222 0.2106842 0.2108459 0.2172121 0.2264104 0.2331441 0.2158323 0.2132198 0.2371681 0.2059285 0.2105471 0.2080628 0.2137673 0.2079056 0.2470515 0.2362395 0.2453417 0.2165906 0.2426794 0.2347346 0.2245870 0.2297111 0.1992544 0.2064631 0.2191390 0.2056264 0.2143372 0.2143372 0.2165125 0.2260834 0.2195003 0.2195003 0.2662970 0.2930367 0.3159262 0.3107139 0.2449272 0.2528232 0.2583138 0.2898647 0.2519834 0.2883013 0.2877651 0.2893949 0.2893949 0.2930784 0.2927453 0.2887887 0.3142052 0.2978567 0.3042734 0.3041156 0.2762929 0.2801772 0.2744051 0.2772568 0.2722506 0.2466400 0.2773471 0.2889268 0.2776666 0.2923543 0.2921720 0.2927228 0.2755535 0.2786683 0.2676875 0.2737145 0.2747864 0.2661744 0.4201821 0.4099215 0.3827643 0.3998457 0.3621086 0.3621086 0.3751430 0.3749202 0.4083094 0.3979538 0.4320633 0.3900187 0.3942215 0.3932325 0.3932325 0.3866170 0.3899454 0.3863667 0.3977158 0.3922938 0.4154022 0.3886393 0.3799792 0.3799792 0.3882861 0.3882861 0.4053899 0.4573563 0.4573563 0.5140595 0.3458867 0.3458867 0.3486217 0.4968916 0.7899601 0.8819502 0.9131448 0.8922305 0.9277619 1.6668678 1.8840658 4.1881444 4.1832014 4.6060365 
XP_049823570.1_heat_shock_protein_68-like__Aethina_tumida_                                    0.2309996 0.2353726 0.2323966 0.2224859 0.2222634 0.2223404 0.1968828 0.2074385 0.2047404 0.1788970 0.2016474 0.0148100 0.0164888 0.0000000 0.0710314 0.0779912 0.0826472 0.0798881 0.0799615 0.0885196 0.0865991 0.0885770 0.0865909 0.0910142 0.0780237 0.0780237 0.0884911 0.0973706 0.0973706 0.0996540 0.1373240 0.1398633 0.1398633 0.1299204 0.1295939 0.1295939 0.2082942 0.1975867 0.2135313 0.2135313 0.1685934 0.1485897 0.1485897 0.1484757 0.1460497 0.1581413 0.1567496 0.1553930 0.1477423 0.1477423 0.1994202 0.1994202 0.2015602 0.1754701 0.1806176 0.1806176 0.1801080 0.1827290 0.1804098 0.1826844 0.1826844 0.1804098 0.1928683 0.2086912 0.1733408 0.1691063 0.1691063 0.1638754 0.1657700 0.1702518 0.1706591 0.1649268 0.1868559 0.1820027 0.1820027 0.2060455 0.2060455 0.2075199 0.2001156 0.2074257 0.2134125 0.1976172 0.2132825 0.2140514 0.2131043 0.2132660 0.2120393 0.2222918 0.2184325 0.2110416 0.2084410 0.2341935 0.1952435 0.1972279 0.1973647 0.2029781 0.2014370 0.2480290 0.2328464 0.2463186 0.2080006 0.2343869 0.2263313 0.2145250 0.2285847 0.1943304 0.2014501 0.2149283 0.2032268 0.2108110 0.2108110 0.2129748 0.2242393 0.2195664 0.2195664 0.2595526 0.2828012 0.3055154 0.3003532 0.2309675 0.2436594 0.2536449 0.2788048 0.2406961 0.2875077 0.2906828 0.2799146 0.2799146 0.2796860 0.2847381 0.2695152 0.3142869 0.2896230 0.2913816 0.2958341 0.2706524 0.2699476 0.2677641 0.2735865 0.2685982 0.2429003 0.2719218 0.2834109 0.2779110 0.2773166 0.2756677 0.2761993 0.2717407 0.2776850 0.2667236 0.2727392 0.2738073 0.2652139 0.3986615 0.3893311 0.3640270 0.3807981 0.3565131 0.3565131 0.3578317 0.3576147 0.3995078 0.3817167 0.4163746 0.3758144 0.3799280 0.3776650 0.3776650 0.3730168 0.3762799 0.3727667 0.3820189 0.3785181 0.4059649 0.3769445 0.3647138 0.3647138 0.3706800 0.3706800 0.3936976 0.4345558 0.4345558 0.5108817 0.3415373 0.3415373 0.3442520 0.4764493 0.7942695 0.8735140 0.9057060 0.8837003 0.9230025 1.6407466 1.8506577 4.1675946 4.1271456 4.5442585 
XP_044766848.1_heat_shock_protein_70_A1-like__Coccinella_septempunctata_                      0.2420660 0.2500149 0.2440510 0.2345371 0.2367039 0.2307150 0.2179412 0.2274803 0.2224687 0.2042111 0.2461308 0.0807322 0.0826778 0.0710314 0.0000000 0.0630543 0.0774333 0.0699696 0.0694001 0.0713061 0.0694523 0.0675662 0.0694453 0.0697744 0.0872468 0.0872468 0.0974297 0.1259528 0.1259528 0.1414921 0.1451277 0.1635240 0.1635240 0.1540514 0.1537101 0.1537101 0.2373543 0.2215046 0.2458278 0.2458278 0.1983821 0.1768702 0.1768702 0.1720942 0.1698989 0.1793131 0.1817531 0.1855657 0.1579224 0.1579224 0.2134408 0.2134408 0.2156098 0.1983660 0.2015984 0.2015984 0.2015599 0.2037811 0.1920518 0.1943836 0.1943836 0.1920518 0.2049646 0.2164450 0.1997068 0.1921652 0.1921652 0.1913450 0.1935328 0.1982026 0.1962190 0.1943304 0.2094075 0.2009965 0.2009965 0.2270681 0.2270681 0.2277275 0.2240352 0.2438778 0.2338177 0.2128629 0.2495980 0.2446968 0.2458891 0.2506359 0.2284840 0.2407529 0.2456450 0.2126447 0.2100179 0.2338936 0.2265169 0.2300396 0.2286826 0.2345734 0.2183846 0.2456026 0.2345616 0.2480926 0.2400165 0.2420620 0.2359335 0.2486760 0.2492260 0.2225726 0.2299833 0.2321250 0.2208262 0.2161501 0.2161501 0.2183527 0.2517400 0.2374607 0.2374607 0.2824346 0.3163581 0.2964122 0.2928241 0.2625245 0.2616659 0.2837672 0.2816470 0.2633626 0.2868022 0.2918326 0.2923587 0.2923587 0.3047336 0.2997584 0.2908019 0.3587520 0.2892233 0.2858191 0.2902388 0.2846097 0.2743441 0.2817687 0.2883002 0.2886954 0.2817342 0.2856804 0.3112018 0.2925404 0.3184186 0.3199480 0.3205373 0.2846256 0.2933589 0.2821150 0.2883177 0.2894380 0.2805938 0.4123889 0.4034985 0.3944736 0.4060123 0.3892569 0.3892569 0.3924055 0.3904092 0.4139083 0.3962957 0.4400174 0.3925932 0.3919473 0.3987617 0.3987617 0.3878971 0.3880027 0.3920213 0.3991776 0.4036054 0.4131307 0.4204029 0.3941069 0.3941069 0.4143634 0.4143634 0.4426633 0.4480947 0.4480947 0.5428852 0.3376838 0.3376838 0.3403918 0.4680784 0.7771326 0.8478837 0.8832062 0.8608025 0.8602968 1.6850018 1.8596548 3.9583463 3.9828317 4.3829535 
XP_044761169.1_heat_shock_protein_70_B2-like__Coccinella_septempunctata_                      0.2408396 0.2574248 0.2463007 0.2361200 0.2485357 0.2428814 0.2210521 0.2282442 0.2224570 0.1895091 0.2130384 0.0820091 0.0839467 0.0779912 0.0630543 0.0000000 0.0376497 0.0303995 0.0304357 0.0551746 0.0568608 0.0550504 0.0568549 0.0608068 0.0798074 0.0798074 0.0851469 0.1023276 0.1023276 0.1187739 0.1353382 0.1526992 0.1526992 0.1426119 0.1422770 0.1422770 0.2080240 0.2041541 0.2137434 0.2137434 0.1963387 0.1744830 0.1744830 0.1697000 0.1678577 0.1774677 0.1763965 0.1768896 0.1571464 0.1571464 0.1983155 0.1983155 0.2004836 0.1764172 0.1965345 0.1965345 0.1964985 0.1987202 0.1940063 0.1963635 0.1963635 0.1940063 0.2070840 0.2114513 0.1826419 0.1751717 0.1751717 0.1709251 0.1729349 0.1775549 0.1755583 0.1726598 0.1962176 0.1884938 0.1884938 0.2177212 0.2177212 0.2183517 0.2023570 0.2346551 0.2281065 0.2005447 0.2367513 0.2339326 0.2302807 0.2350087 0.2234823 0.2203491 0.2167289 0.2122727 0.2121377 0.2389130 0.2085611 0.2114579 0.2107032 0.2164422 0.2090186 0.2551977 0.2346412 0.2438164 0.2197944 0.2484636 0.2382134 0.2385653 0.2312056 0.2273126 0.2347876 0.2285297 0.2292506 0.2286461 0.2286461 0.2308962 0.2500716 0.2312709 0.2312709 0.2647352 0.2875206 0.2958897 0.2970407 0.2523163 0.2463061 0.2621594 0.2818653 0.2414518 0.2820865 0.2849802 0.2804015 0.2804015 0.2816121 0.2784867 0.2851524 0.3282589 0.2911617 0.2869523 0.2857153 0.2730242 0.2674850 0.2679497 0.2859110 0.2808655 0.2472352 0.2804126 0.2935960 0.2713422 0.2883421 0.2899405 0.2904958 0.2917572 0.2929600 0.2816554 0.2878919 0.2890175 0.2847504 0.4182047 0.4127809 0.3722052 0.3953745 0.3726995 0.3726995 0.3716015 0.3696685 0.4083586 0.3949132 0.4387757 0.3767505 0.3761312 0.3735774 0.3735774 0.3713241 0.3659969 0.3669699 0.3852723 0.3843633 0.4209327 0.3910035 0.3763400 0.3763400 0.3830675 0.3830675 0.4235199 0.4322747 0.4322747 0.5184357 0.3450059 0.3450059 0.3477372 0.4740602 0.7692605 0.8754933 0.9014854 0.8774141 0.8912697 1.6310041 1.8435518 4.0589311 4.0498915 4.4579940 
XP_044767182.1_heat_shock_protein_70_B2-like__Coccinella_septempunctata_                      0.2570183 0.2581203 0.2486747 0.2443077 0.2515472 0.2455918 0.2308078 0.2427392 0.2377051 0.2039107 0.2207267 0.0957024 0.0977174 0.0826472 0.0774333 0.0376497 0.0000000 0.0083059 0.0065955 0.0572899 0.0589869 0.0608277 0.0589808 0.0629788 0.0934156 0.0934156 0.0928620 0.1236287 0.1236287 0.1238856 0.1411594 0.1558855 0.1558855 0.1559023 0.1555551 0.1555551 0.2169148 0.2171864 0.2227553 0.2227553 0.2095085 0.1813872 0.1813872 0.1764533 0.1743438 0.1862448 0.1898286 0.1903699 0.1642822 0.1642822 0.2221190 0.2221190 0.2243588 0.2035013 0.2159095 0.2159095 0.2158617 0.2181595 0.2166591 0.2191020 0.2191020 0.2166591 0.2304856 0.2410818 0.2129192 0.2051433 0.2051433 0.1979107 0.2002024 0.1955375 0.1983157 0.2023987 0.2222323 0.2015959 0.2015959 0.2337470 0.2337470 0.2340499 0.2315744 0.2516432 0.2445292 0.2033130 0.2306474 0.2310727 0.2274037 0.2321703 0.2314264 0.2266698 0.2347799 0.2164724 0.2163334 0.2513098 0.2205368 0.2226197 0.2227326 0.2286756 0.2254463 0.2526013 0.2274356 0.2411203 0.2291214 0.2638644 0.2627434 0.2511182 0.2477597 0.2346445 0.2370926 0.2334032 0.2359839 0.2305520 0.2305520 0.2328516 0.2601148 0.2493935 0.2493935 0.2758407 0.3210839 0.2928826 0.2892815 0.2531940 0.2492657 0.2657510 0.2978558 0.2522724 0.2868422 0.2913094 0.2920766 0.2920766 0.2966261 0.2923490 0.2862518 0.3392988 0.3118580 0.3042612 0.3077505 0.2746997 0.2668791 0.2691595 0.2795106 0.2744422 0.2527143 0.2755616 0.2903955 0.2806042 0.2962986 0.2898483 0.2904077 0.2976320 0.3047663 0.2949768 0.3013878 0.3025642 0.2934066 0.4329468 0.4316137 0.3822913 0.4057529 0.3951240 0.3951240 0.3787092 0.3767432 0.4303646 0.4173348 0.4630665 0.3983478 0.3976907 0.4038371 0.4038371 0.3927422 0.3872680 0.3882811 0.4179904 0.4070875 0.4277088 0.4129599 0.4018858 0.4018858 0.4008676 0.4008676 0.4433947 0.4523877 0.4523877 0.5408699 0.3411220 0.3411220 0.3438593 0.4978683 0.7698120 0.8810089 0.8983885 0.8733205 0.8932649 1.6502302 1.8629333 4.1717173 4.0588210 4.4653917 
XP_044767183.1_heat_shock_protein_70_A1-like__Coccinella_septempunctata_                      0.2514946 0.2596024 0.2483808 0.2440015 0.2512626 0.2452868 0.2190222 0.2306799 0.2295637 0.1951344 0.2146496 0.0928024 0.0947935 0.0798881 0.0699696 0.0303995 0.0083059 0.0000000 0.0016409 0.0518599 0.0535544 0.0553797 0.0535487 0.0574888 0.0864584 0.0864584 0.0858507 0.1159250 0.1159250 0.1210196 0.1350330 0.1493062 0.1493062 0.1493354 0.1489942 0.1489942 0.2181108 0.2161478 0.2239079 0.2239079 0.2061547 0.1783397 0.1783397 0.1734729 0.1734971 0.1850991 0.1866582 0.1871853 0.1662491 0.1662491 0.2174095 0.2174095 0.2196354 0.1979850 0.2120653 0.2120653 0.2120202 0.2142895 0.2127992 0.2152130 0.2152130 0.2127992 0.2264180 0.2296872 0.2090907 0.2014111 0.2014111 0.1942941 0.1965307 0.1919227 0.1946619 0.1987160 0.2182889 0.1979861 0.1979861 0.2313912 0.2313912 0.2316889 0.2274462 0.2422614 0.2458833 0.1973270 0.2291740 0.2295869 0.2259598 0.2306805 0.2226544 0.2178572 0.2299178 0.2159030 0.2157658 0.2473691 0.2153659 0.2183150 0.2175410 0.2234027 0.2202105 0.2542082 0.2289838 0.2427016 0.2231061 0.2593323 0.2582825 0.2448204 0.2435488 0.2304888 0.2329051 0.2292488 0.2317969 0.2265338 0.2265338 0.2287945 0.2555776 0.2431715 0.2431715 0.2659114 0.3058042 0.2959891 0.2923645 0.2515005 0.2436985 0.2600026 0.2905114 0.2451804 0.2823937 0.2868286 0.2945893 0.2945893 0.2894990 0.2886769 0.2847156 0.3373702 0.3046769 0.2971631 0.3006023 0.2701059 0.2623921 0.2646327 0.2802595 0.2752256 0.2536379 0.2795125 0.2943381 0.2794289 0.2891973 0.2828502 0.2833988 0.2922647 0.2993834 0.2896563 0.2960126 0.2971716 0.2880983 0.4307019 0.4263408 0.3801282 0.4075069 0.3929355 0.3929355 0.3765572 0.3745968 0.4215817 0.4175098 0.4565275 0.3922173 0.3915695 0.3953159 0.3953159 0.3929029 0.3874269 0.3884404 0.4116934 0.4026424 0.4254599 0.4107441 0.3996910 0.3996910 0.3986730 0.3986730 0.4388107 0.4411505 0.4411505 0.5383662 0.3357788 0.3357788 0.3384788 0.4845122 0.7654046 0.8773507 0.8946242 0.8752299 0.8895447 1.6539149 1.8671586 4.1426205 4.0427146 4.4470288 
XP_044767184.1_heat_shock_protein_70_A1-like__Coccinella_septempunctata_                      0.2494097 0.2574459 0.2463162 0.2419731 0.2491819 0.2432319 0.2230479 0.2348183 0.2313880 0.1966782 0.2163386 0.0928810 0.0948729 0.0799615 0.0694001 0.0304357 0.0065955 0.0016409 0.0000000 0.0497457 0.0514287 0.0532367 0.0514233 0.0553162 0.0889540 0.0889540 0.0883647 0.1187515 0.1187515 0.1211085 0.1360698 0.1504869 0.1504869 0.1505140 0.1501701 0.1501701 0.2198694 0.2201170 0.2257166 0.2257166 0.2099140 0.1818878 0.1818878 0.1769726 0.1748709 0.1867313 0.1903028 0.1908434 0.1648440 0.1648440 0.2174988 0.2174988 0.2197242 0.1995388 0.2137367 0.2137367 0.2136904 0.2159771 0.2144791 0.2169110 0.2169110 0.2144791 0.2282201 0.2337285 0.2107496 0.2030104 0.2030104 0.1958283 0.1980943 0.1934519 0.1962132 0.2002881 0.2200181 0.1995260 0.1995260 0.2314777 0.2314777 0.2317755 0.2292775 0.2441705 0.2478235 0.1988784 0.2310098 0.2314361 0.2277750 0.2325293 0.2266861 0.2218993 0.2300055 0.2176265 0.2174871 0.2516243 0.2193294 0.2223076 0.2215230 0.2274544 0.2242298 0.2520954 0.2270583 0.2406705 0.2248894 0.2614179 0.2603330 0.2467774 0.2453896 0.2323391 0.2347750 0.2310957 0.2336642 0.2283143 0.2283143 0.2305973 0.2576571 0.2450992 0.2450992 0.2659902 0.3107104 0.2910619 0.2874701 0.2535067 0.2480043 0.2644724 0.2928676 0.2494711 0.2871038 0.2915639 0.2946599 0.2946599 0.2918397 0.2910306 0.2870082 0.3401346 0.3070906 0.2995222 0.3029905 0.2722808 0.2645012 0.2667651 0.2825227 0.2774516 0.2556703 0.2817715 0.2967130 0.2841003 0.2915286 0.2851243 0.2856784 0.2923364 0.2994525 0.2897284 0.2960829 0.2972417 0.2881708 0.4242185 0.4229074 0.3801729 0.4075420 0.3929758 0.3929758 0.3766030 0.3746432 0.4216124 0.4175419 0.4565467 0.3922576 0.3916099 0.3953552 0.3953552 0.3929430 0.3874687 0.3884819 0.4117274 0.4049102 0.4254892 0.4107783 0.3997289 0.3997289 0.3987112 0.3987112 0.4411408 0.4434769 0.4434769 0.5383601 0.3385010 0.3385010 0.3412219 0.4915975 0.7653421 0.8709060 0.8880590 0.8633439 0.8830366 1.6483009 1.8608291 4.0947653 4.0254237 4.4280185 
