157
NP_001139376.1_aquaporin_isoform_1__Acyrthosiphon_pisum_                         0.0000000 0.0000010 0.6778241 0.6778241 0.9581898 1.0416797 1.0416797 0.8495897 0.8495897 0.8441896 0.8441896 1.0012779 1.0012779 0.8875913 0.9126041 0.9126041 0.8195407 0.7468902 0.7468902 0.6900782 0.6900782 0.7599604 0.8215964 0.8402350 0.8402350 0.8559499 0.7536930 1.0066617 1.0066617 1.0126938 1.0126938 1.0391197 1.0391197 1.0003869 1.0003869 1.0591779 1.0591779 1.0803779 1.0803779 0.9556347 0.9556347 0.8439307 0.9141696 0.8503787 0.7624089 0.7624089 0.8427504 0.8155293 0.8431276 0.9086506 0.9086506 0.9326237 0.9516704 0.8649502 0.8922626 0.9049197 0.8941791 0.7763351 0.7160108 0.7160108 0.7672307 0.9626252 1.0803233 1.0188678 0.9741018 0.9715295 0.9715295 1.0113939 1.0505499 1.0505499 1.1100901 1.1100901 1.2277115 1.2277115 0.9737097 0.9986698 0.9150202 0.9085348 0.8886247 0.8886247 1.1796782 1.3395775 1.3395775 1.2924977 1.2782350 1.2782350 1.2752642 1.1224759 1.1224759 1.1307599 1.1307599 1.0424337 1.0424337 1.0677121 1.1527501 1.1527501 1.1013288 1.1013288 1.0682009 1.0682009 1.0061340 1.2165380 1.2165380 1.3188470 1.3167498 1.3167498 1.2750612 1.2750612 1.4408432 1.1258077 1.1258077 1.1591410 1.1421521 1.1421521 1.1840372 1.1840372 1.1558617 1.1558617 1.1590035 1.1590035 1.2772381 1.2772381 0.9845797 1.1617352 1.1617352 1.0748948 1.0748948 1.8991021 1.2438837 1.2438837 1.2166383 1.1605228 1.3551536 1.2972410 1.3952251 1.4529570 1.4529570 1.2922879 1.4132363 1.3538788 1.3538788 1.3810743 1.3810743 1.4920639 1.5229698 1.5104244 1.5124679 1.6270453 1.4279235 1.9531712 1.9531712 1.5969813 1.6014096 2.0649176 1.9235851 1.5322787 1.6895644 
XP_029346917.1_aquaporin_AQPAe.a-like_isoform_X3__Acyrthosiphon_pisum_           0.0000010 0.0000000 0.6778241 0.6778241 0.9581898 1.0416797 1.0416797 0.8495897 0.8495897 0.8441896 0.8441896 1.0012779 1.0012779 0.8875913 0.9126041 0.9126041 0.8195407 0.7468902 0.7468902 0.6900782 0.6900782 0.7599604 0.8215964 0.8402350 0.8402350 0.8559499 0.7536930 1.0066617 1.0066617 1.0126938 1.0126938 1.0391197 1.0391197 1.0003869 1.0003869 1.0591779 1.0591779 1.0803779 1.0803779 0.9556347 0.9556347 0.8439307 0.9141696 0.8503787 0.7624089 0.7624089 0.8427504 0.8155293 0.8431276 0.9086506 0.9086506 0.9326237 0.9516704 0.8649502 0.8922626 0.9049197 0.8941791 0.7763351 0.7160108 0.7160108 0.7672307 0.9626252 1.0803233 1.0188678 0.9741018 0.9715295 0.9715295 1.0113939 1.0505499 1.0505499 1.1100901 1.1100901 1.2277115 1.2277115 0.9737097 0.9986698 0.9150202 0.9085348 0.8886247 0.8886247 1.1796782 1.3395775 1.3395775 1.2924977 1.2782350 1.2782350 1.2752642 1.1224759 1.1224759 1.1307599 1.1307599 1.0424337 1.0424337 1.0677121 1.1527501 1.1527501 1.1013288 1.1013288 1.0682009 1.0682009 1.0061340 1.2165380 1.2165380 1.3188470 1.3167498 1.3167498 1.2750612 1.2750612 1.4408432 1.1258077 1.1258077 1.1591410 1.1421521 1.1421521 1.1840372 1.1840372 1.1558617 1.1558617 1.1590035 1.1590035 1.2772381 1.2772381 0.9845797 1.1617352 1.1617352 1.0748948 1.0748948 1.8991021 1.2438837 1.2438837 1.2166383 1.1605228 1.3551536 1.2972410 1.3952251 1.4529570 1.4529570 1.2922879 1.4132363 1.3538788 1.3538788 1.3810743 1.3810743 1.4920639 1.5229698 1.5104244 1.5124679 1.6270453 1.4279235 1.9531712 1.9531712 1.5969813 1.6014096 2.0649176 1.9235851 1.5322787 1.6895644 
XP_019872963.2_aquaporin_AQPAe.a_isoform_X1__Aethina_tumida_                     0.6778241 0.6778241 0.0000000 0.0000010 0.3408205 0.4574297 0.4574297 0.4330269 0.4330269 0.4497778 0.4497778 0.8561988 0.8561988 0.7688923 0.7013113 0.7013113 0.7459253 0.6707698 0.6707698 0.5547791 0.5547791 0.5467375 0.6182138 0.6622019 0.6622019 0.6704576 0.5358853 0.6658774 0.6658774 0.6725070 0.6725070 0.5973917 0.5973917 0.5872754 0.5872754 0.6480911 0.6480911 0.6600577 0.6600577 0.6681959 0.6681959 0.6140301 0.7463967 0.6914839 0.5471886 0.5471886 0.5929416 0.6188048 0.6117357 0.7442838 0.7442838 0.8922320 0.9382259 0.8558958 0.8678537 0.8218726 0.8227835 0.7013544 0.6068630 0.6068630 0.6456224 0.7993375 0.7876123 0.4169636 0.7868899 0.8558784 0.8558784 0.7514666 0.8077900 0.8077900 0.8371721 0.8371721 0.9748441 0.9748441 0.8963505 0.9888231 0.8159172 0.8240452 0.7405644 0.7405644 0.9143466 0.9234505 0.9234505 0.8674839 0.8368768 0.8368768 0.9280524 0.8570945 0.8570945 1.1519806 1.1519806 0.8899301 0.8899301 0.9584053 0.9447836 0.9447836 0.9510408 0.9510408 0.9305442 0.9305442 0.9059279 1.1748148 1.1748148 1.1818276 1.1608968 1.1608968 1.2175191 1.2175191 1.3353061 0.9634987 0.9634987 0.8684588 1.0567132 1.0567132 1.0306356 1.0306356 1.1306361 1.1306361 1.1320775 1.1320775 1.1628210 1.1628210 0.9000742 0.8348475 0.8348475 0.9185294 0.9185294 1.8302391 1.4714975 1.4714975 1.5288255 1.4814788 1.5062177 1.5023456 1.5392221 1.4462798 1.4462798 1.3347448 1.4195716 1.3007544 1.3007544 1.3058087 1.3058087 1.6758061 1.6012100 1.4592172 1.4448450 1.5083263 1.4929236 1.8120970 1.8120970 1.4649382 1.6894458 1.8900208 1.8316348 1.3719156 1.2433538 
XP_049821553.1_aquaporin_AQPAe.a_isoform_X2__Aethina_tumida_                     0.6778241 0.6778241 0.0000010 0.0000000 0.3408205 0.4574297 0.4574297 0.4330269 0.4330269 0.4497778 0.4497778 0.8561988 0.8561988 0.7688923 0.7013113 0.7013113 0.7459253 0.6707698 0.6707698 0.5547791 0.5547791 0.5467375 0.6182138 0.6622019 0.6622019 0.6704576 0.5358853 0.6658774 0.6658774 0.6725070 0.6725070 0.5973917 0.5973917 0.5872754 0.5872754 0.6480911 0.6480911 0.6600577 0.6600577 0.6681959 0.6681959 0.6140301 0.7463967 0.6914839 0.5471886 0.5471886 0.5929416 0.6188048 0.6117357 0.7442838 0.7442838 0.8922320 0.9382259 0.8558958 0.8678537 0.8218726 0.8227835 0.7013544 0.6068630 0.6068630 0.6456224 0.7993375 0.7876123 0.4169636 0.7868899 0.8558784 0.8558784 0.7514666 0.8077900 0.8077900 0.8371721 0.8371721 0.9748441 0.9748441 0.8963505 0.9888231 0.8159172 0.8240452 0.7405644 0.7405644 0.9143466 0.9234505 0.9234505 0.8674839 0.8368768 0.8368768 0.9280524 0.8570945 0.8570945 1.1519806 1.1519806 0.8899301 0.8899301 0.9584053 0.9447836 0.9447836 0.9510408 0.9510408 0.9305442 0.9305442 0.9059279 1.1748148 1.1748148 1.1818276 1.1608968 1.1608968 1.2175191 1.2175191 1.3353061 0.9634987 0.9634987 0.8684588 1.0567132 1.0567132 1.0306356 1.0306356 1.1306361 1.1306361 1.1320775 1.1320775 1.1628210 1.1628210 0.9000742 0.8348475 0.8348475 0.9185294 0.9185294 1.8302391 1.4714975 1.4714975 1.5288255 1.4814788 1.5062177 1.5023456 1.5392221 1.4462798 1.4462798 1.3347448 1.4195716 1.3007544 1.3007544 1.3058087 1.3058087 1.6758061 1.6012100 1.4592172 1.4448450 1.5083263 1.4929236 1.8120970 1.8120970 1.4649382 1.6894458 1.8900208 1.8316348 1.3719156 1.2433538 
XP_018566280.1_aquaporin_AQPAe.a__Anoplophora_glabripennis_                      0.9581898 0.9581898 0.3408205 0.3408205 0.0000000 0.3915496 0.3915496 0.4074813 0.4074813 0.4580670 0.4580670 0.9304787 0.9304787 0.7539837 0.7623632 0.7623632 0.7233471 0.7276457 0.7276457 0.5973971 0.5973971 0.6049725 0.7079790 0.6553169 0.6553169 0.6538504 0.5312157 0.7864925 0.7864925 0.6895939 0.6895939 0.6086726 0.6086726 0.6065198 0.6065198 0.7305720 0.7305720 0.7843612 0.7843612 0.6330914 0.6330914 0.6797493 0.8009075 0.8258078 0.7052363 0.7052363 0.8140335 0.6899655 0.8980011 0.8984242 0.8984242 1.0057291 1.0097368 0.9521881 0.9559564 0.9241500 0.9398193 0.7581839 0.7244720 0.7244720 0.7490080 0.8397731 0.9687516 0.5183966 0.7724123 0.9243999 0.9243999 0.8318014 0.8292503 0.8292503 0.9280583 0.9280583 1.0198671 1.0198671 0.8395499 1.0654045 0.9131026 0.9297893 0.8897813 0.8897813 0.8378709 0.8413801 0.8413801 0.8160075 0.7478612 0.7478612 0.8634608 0.7777216 0.7777216 1.0826094 1.0826094 0.8643344 0.8643344 0.9807799 0.8521100 0.8521100 0.9116959 0.9116959 0.9158121 0.9158121 0.9132512 1.1225146 1.1225146 1.0762077 1.1027945 1.1027945 1.1420837 1.1420837 1.2190311 0.9644794 0.9644794 0.9695663 1.0179070 1.0179070 0.9338932 0.9338932 1.0245590 1.0245590 1.0494415 1.0494415 1.1665792 1.1665792 1.1014856 0.9019393 0.9019393 1.1833026 1.1833026 1.8650586 1.4904093 1.4904093 1.6371969 1.4604914 1.4450716 1.4562831 1.6772675 1.3352105 1.3352105 1.3678195 1.6446243 1.3450121 1.3450121 1.3661245 1.3661245 1.8955557 1.7389060 1.6097863 1.5996470 1.6351109 1.8271928 1.8465866 1.8465866 1.4686272 1.7127789 1.8137238 1.8687027 1.4860046 1.2739073 
XP_015839381.1_PREDICTED_aquaporin_AQPAe.a_isoform_X2__Tribolium_castaneum_      1.0416797 1.0416797 0.4574297 0.4574297 0.3915496 0.0000000 0.0000010 0.4984367 0.4984367 0.5315436 0.5315436 0.9923163 0.9923163 0.8736559 0.8734385 0.8734385 0.8351225 0.8206596 0.8206596 0.7801904 0.7801904 0.6411408 0.7590268 0.6732865 0.6732865 0.6777118 0.6935762 0.7866082 0.7866082 0.7649205 0.7649205 0.6510626 0.6510626 0.6468161 0.6468161 0.7467575 0.7467575 0.7875506 0.7875506 0.7016417 0.7016417 0.8047601 0.8733807 0.9252475 0.7253525 0.7253525 0.9088774 0.7275105 0.8994577 0.9099971 0.9099971 0.9954139 1.0013000 1.0080764 0.9865752 0.9751116 0.9917011 0.8167182 0.7371360 0.7371360 0.8149681 0.9631990 1.0475807 0.5660448 0.8092577 0.9163561 0.9163561 0.8202288 0.8249015 0.8249015 0.9243370 0.9243370 1.0292339 1.0292339 0.9478071 1.0997849 0.9325413 0.9523753 0.9231086 0.9231086 0.9572596 1.0175288 1.0175288 0.9505463 0.9616636 0.9616636 0.9592831 0.9305319 0.9305319 1.0472891 1.0472891 0.9274124 0.9274124 1.0848981 0.9424810 0.9424810 0.9244976 0.9244976 0.9421437 0.9421437 0.9379535 1.2473451 1.2473451 1.2988254 1.3066765 1.3066765 1.3705828 1.3705828 1.2994256 1.0889528 1.0889528 1.1180617 1.0029670 1.0029670 1.0216088 1.0216088 1.1065462 1.1065462 1.0643744 1.0643744 1.1599046 1.1599046 1.2013522 0.9249367 0.9249367 1.0862390 1.0862390 1.7102264 1.5313657 1.5313657 1.6324712 1.5682171 1.4988819 1.5010121 1.6139887 1.5510546 1.5510546 1.5500899 1.7686644 1.5240806 1.5240806 1.4664630 1.4664630 1.7875993 1.8421575 1.7334524 1.6639433 1.6852645 1.6094455 2.0611444 2.0611444 1.6078214 1.7217480 2.0785331 1.8929975 1.6278976 1.3942085 
XP_972862.1_PREDICTED_aquaporin_AQPcic_isoform_X1__Tribolium_castaneum_          1.0416797 1.0416797 0.4574297 0.4574297 0.3915496 0.0000010 0.0000000 0.4984367 0.4984367 0.5315436 0.5315436 0.9923163 0.9923163 0.8736559 0.8734385 0.8734385 0.8351225 0.8206596 0.8206596 0.7801904 0.7801904 0.6411408 0.7590268 0.6732865 0.6732865 0.6777118 0.6935762 0.7866082 0.7866082 0.7649205 0.7649205 0.6510626 0.6510626 0.6468161 0.6468161 0.7467575 0.7467575 0.7875506 0.7875506 0.7016417 0.7016417 0.8047601 0.8733807 0.9252475 0.7253525 0.7253525 0.9088774 0.7275105 0.8994577 0.9099971 0.9099971 0.9954139 1.0013000 1.0080764 0.9865752 0.9751116 0.9917011 0.8167182 0.7371360 0.7371360 0.8149681 0.9631990 1.0475807 0.5660448 0.8092577 0.9163561 0.9163561 0.8202288 0.8249015 0.8249015 0.9243370 0.9243370 1.0292339 1.0292339 0.9478071 1.0997849 0.9325413 0.9523753 0.9231086 0.9231086 0.9572596 1.0175288 1.0175288 0.9505463 0.9616636 0.9616636 0.9592831 0.9305319 0.9305319 1.0472891 1.0472891 0.9274124 0.9274124 1.0848981 0.9424810 0.9424810 0.9244976 0.9244976 0.9421437 0.9421437 0.9379535 1.2473451 1.2473451 1.2988254 1.3066765 1.3066765 1.3705828 1.3705828 1.2994256 1.0889528 1.0889528 1.1180617 1.0029670 1.0029670 1.0216088 1.0216088 1.1065462 1.1065462 1.0643744 1.0643744 1.1599046 1.1599046 1.2013522 0.9249367 0.9249367 1.0862390 1.0862390 1.7102264 1.5313657 1.5313657 1.6324712 1.5682171 1.4988819 1.5010121 1.6139887 1.5510546 1.5510546 1.5500899 1.7686644 1.5240806 1.5240806 1.4664630 1.4664630 1.7875993 1.8421575 1.7334524 1.6639433 1.6852645 1.6094455 2.0611444 2.0611444 1.6078214 1.7217480 2.0785331 1.8929975 1.6278976 1.3942085 
XP_044761979.1_aquaporin_AQPAn.G-like_isoform_X1__Coccinella_septempunctata_     0.8495897 0.8495897 0.4330269 0.4330269 0.4074813 0.4984367 0.4984367 0.0000000 0.0000010 0.0851792 0.0851792 0.9984286 0.9984286 0.8578764 0.8958998 0.8958998 0.7875315 0.7440928 0.7440928 0.7157148 0.7157148 0.6562905 0.6989057 0.6663574 0.6663574 0.6799968 0.5744885 0.8028891 0.8028891 0.7653217 0.7653217 0.6462761 0.6462761 0.6597686 0.6597686 0.7316215 0.7316215 0.8229258 0.8229258 0.6752249 0.6752249 0.7655704 0.8259145 0.8932069 0.4909863 0.4909863 0.6911618 0.6991400 0.8878562 0.9404458 0.9404458 0.9763264 0.9380924 0.9728769 0.9766362 0.8728458 0.8879605 0.8431347 0.7360865 0.7360865 0.8052695 1.0037126 0.9422239 0.6573458 0.7483905 0.8063913 0.8063913 0.7479531 0.7639145 0.7639145 0.7499058 0.7499058 0.9113940 0.9113940 0.7974639 0.9757325 0.8165806 0.8228060 0.7541633 0.7541633 0.8946087 0.9593007 0.9593007 0.8650126 0.8296906 0.8296906 0.8977734 0.8018037 0.8018037 1.0684548 1.0684548 0.8160669 0.8160669 0.8368001 0.9852690 0.9852690 0.9354490 0.9354490 0.8774224 0.8774224 0.8812407 1.2363338 1.2363338 1.2448286 1.3148610 1.3148610 1.2767737 1.2767737 1.3049256 0.9648051 0.9648051 0.9457044 0.9281065 0.9281065 0.9335807 0.9335807 1.0244879 1.0244879 1.0192734 1.0192734 1.0991843 1.0991843 1.0243862 0.8947001 0.8947001 0.9355115 0.9355115 1.9737530 1.4712819 1.4712819 1.4541759 1.4312979 1.4627840 1.4213702 1.5542851 1.4846615 1.4846615 1.4345530 1.5281805 1.3628002 1.3628002 1.3971671 1.3971671 1.8328634 1.5041195 1.5250295 1.4405618 1.6464065 1.5524756 1.9995696 1.9995696 1.3470195 1.7295838 2.0084198 1.6667167 1.5507699 1.3491522 
XP_044761980.1_aquaporin_AQPAn.G-like_isoform_X2__Coccinella_septempunctata_     0.8495897 0.8495897 0.4330269 0.4330269 0.4074813 0.4984367 0.4984367 0.0000010 0.0000000 0.0851792 0.0851792 0.9984286 0.9984286 0.8578764 0.8958998 0.8958998 0.7875315 0.7440928 0.7440928 0.7157148 0.7157148 0.6562905 0.6989057 0.6663574 0.6663574 0.6799968 0.5744885 0.8028891 0.8028891 0.7653217 0.7653217 0.6462761 0.6462761 0.6597686 0.6597686 0.7316215 0.7316215 0.8229258 0.8229258 0.6752249 0.6752249 0.7655704 0.8259145 0.8932069 0.4909863 0.4909863 0.6911618 0.6991400 0.8878562 0.9404458 0.9404458 0.9763264 0.9380924 0.9728769 0.9766362 0.8728458 0.8879605 0.8431347 0.7360865 0.7360865 0.8052695 1.0037126 0.9422239 0.6573458 0.7483905 0.8063913 0.8063913 0.7479531 0.7639145 0.7639145 0.7499058 0.7499058 0.9113940 0.9113940 0.7974639 0.9757325 0.8165806 0.8228060 0.7541633 0.7541633 0.8946087 0.9593007 0.9593007 0.8650126 0.8296906 0.8296906 0.8977734 0.8018037 0.8018037 1.0684548 1.0684548 0.8160669 0.8160669 0.8368001 0.9852690 0.9852690 0.9354490 0.9354490 0.8774224 0.8774224 0.8812407 1.2363338 1.2363338 1.2448286 1.3148610 1.3148610 1.2767737 1.2767737 1.3049256 0.9648051 0.9648051 0.9457044 0.9281065 0.9281065 0.9335807 0.9335807 1.0244879 1.0244879 1.0192734 1.0192734 1.0991843 1.0991843 1.0243862 0.8947001 0.8947001 0.9355115 0.9355115 1.9737530 1.4712819 1.4712819 1.4541759 1.4312979 1.4627840 1.4213702 1.5542851 1.4846615 1.4846615 1.4345530 1.5281805 1.3628002 1.3628002 1.3971671 1.3971671 1.8328634 1.5041195 1.5250295 1.4405618 1.6464065 1.5524756 1.9995696 1.9995696 1.3470195 1.7295838 2.0084198 1.6667167 1.5507699 1.3491522 
XP_045475581.1_aquaporin_AQPAe.a-like_isoform_X1__Harmonia_axyridis_             0.8441896 0.8441896 0.4497778 0.4497778 0.4580670 0.5315436 0.5315436 0.0851792 0.0851792 0.0000000 0.0000010 0.9590658 0.9590658 0.7785878 0.8589670 0.8589670 0.7434395 0.7718949 0.7718949 0.7836844 0.7836844 0.7176708 0.7319246 0.7336949 0.7336949 0.7480727 0.5943124 0.8396360 0.8396360 0.8174046 0.8174046 0.6997418 0.6997418 0.7089177 0.7089177 0.7630242 0.7630242 0.8463461 0.8463461 0.6584272 0.6584272 0.7417013 0.7719702 0.8420119 0.5293287 0.5293287 0.7262815 0.7325814 0.9163678 0.9701097 0.9701097 0.9777175 0.9840128 0.9874675 0.9912537 0.9615708 0.9779794 0.8337077 0.7856123 0.7856123 0.8573994 0.9787804 1.0073592 0.6931568 0.7771613 0.7785622 0.7785622 0.7638746 0.7704264 0.7704264 0.7732779 0.7732779 0.9605951 0.9605951 0.8335888 0.9843396 0.8475287 0.8517972 0.7726331 0.7726331 0.9270824 0.9715200 0.9715200 0.9118134 0.8750880 0.8750880 0.8913447 0.8316577 0.8316577 1.0619458 1.0619458 0.8335796 0.8335796 0.8739651 1.0197094 1.0197094 0.9528875 0.9528875 0.8650564 0.8650564 0.8982262 1.2616066 1.2616066 1.2459350 1.3133658 1.3133658 1.2785916 1.2785916 1.3595927 0.9154267 0.9154267 0.8803871 0.9595826 0.9595826 0.9673871 0.9673871 1.0382090 1.0382090 1.0390735 1.0390735 1.0847220 1.0847220 1.0729895 0.9282990 0.9282990 0.9718956 0.9718956 1.8618744 1.4676335 1.4676335 1.4272482 1.4509755 1.4985883 1.4589345 1.6248691 1.4087058 1.4087058 1.3887955 1.4389682 1.3800378 1.3800378 1.3356986 1.3356986 1.8591867 1.5389101 1.5598592 1.4786062 1.6169881 1.4863848 1.8398889 1.8398889 1.3298865 1.7100229 1.9569978 1.5899499 1.5345542 1.3282127 
XP_045475663.1_aquaporin_AQPAe.a-like_isoform_X2__Harmonia_axyridis_             0.8441896 0.8441896 0.4497778 0.4497778 0.4580670 0.5315436 0.5315436 0.0851792 0.0851792 0.0000010 0.0000000 0.9590658 0.9590658 0.7785878 0.8589670 0.8589670 0.7434395 0.7718949 0.7718949 0.7836844 0.7836844 0.7176708 0.7319246 0.7336949 0.7336949 0.7480727 0.5943124 0.8396360 0.8396360 0.8174046 0.8174046 0.6997418 0.6997418 0.7089177 0.7089177 0.7630242 0.7630242 0.8463461 0.8463461 0.6584272 0.6584272 0.7417013 0.7719702 0.8420119 0.5293287 0.5293287 0.7262815 0.7325814 0.9163678 0.9701097 0.9701097 0.9777175 0.9840128 0.9874675 0.9912537 0.9615708 0.9779794 0.8337077 0.7856123 0.7856123 0.8573994 0.9787804 1.0073592 0.6931568 0.7771613 0.7785622 0.7785622 0.7638746 0.7704264 0.7704264 0.7732779 0.7732779 0.9605951 0.9605951 0.8335888 0.9843396 0.8475287 0.8517972 0.7726331 0.7726331 0.9270824 0.9715200 0.9715200 0.9118134 0.8750880 0.8750880 0.8913447 0.8316577 0.8316577 1.0619458 1.0619458 0.8335796 0.8335796 0.8739651 1.0197094 1.0197094 0.9528875 0.9528875 0.8650564 0.8650564 0.8982262 1.2616066 1.2616066 1.2459350 1.3133658 1.3133658 1.2785916 1.2785916 1.3595927 0.9154267 0.9154267 0.8803871 0.9595826 0.9595826 0.9673871 0.9673871 1.0382090 1.0382090 1.0390735 1.0390735 1.0847220 1.0847220 1.0729895 0.9282990 0.9282990 0.9718956 0.9718956 1.8618744 1.4676335 1.4676335 1.4272482 1.4509755 1.4985883 1.4589345 1.6248691 1.4087058 1.4087058 1.3887955 1.4389682 1.3800378 1.3800378 1.3356986 1.3356986 1.8591867 1.5389101 1.5598592 1.4786062 1.6169881 1.4863848 1.8398889 1.8398889 1.3298865 1.7100229 1.9569978 1.5899499 1.5345542 1.3282127 
XP_004535901.1_aquaporin_isoform_X1__Ceratitis_capitata_                         1.0012779 1.0012779 0.8561988 0.8561988 0.9304787 0.9923163 0.9923163 0.9984286 0.9984286 0.9590658 0.9590658 0.0000000 0.0000010 0.2623630 0.2824735 0.2824735 0.4626677 0.4474847 0.4474847 0.4799241 0.4799241 0.8035664 0.9561279 0.7338761 0.7338761 0.7353735 0.8542105 0.8379209 0.8379209 0.8484145 0.8484145 0.7931140 0.7931140 0.7962942 0.7962942 0.8262178 0.8262178 0.7931998 0.7931998 0.7163988 0.7163988 0.9010426 0.9464334 0.9162092 0.9244574 0.9244574 0.9459537 0.8556864 0.9430528 1.1819004 1.1819004 1.0927876 1.0856859 1.1263094 1.1169197 0.9423208 0.9309450 0.7215230 0.7742222 0.7742222 0.7877577 0.8511818 1.2167915 0.7144727 1.0371853 1.0037037 1.0037037 1.1399311 1.1380314 1.1380314 1.1657199 1.1657199 1.2085793 1.2085793 1.1979224 1.1286084 1.1801413 1.1615899 1.0072859 1.0072859 1.1868478 1.2510756 1.2510756 1.1539365 1.0954227 1.0954227 1.2114683 1.0366410 1.0366410 1.2725010 1.2725010 1.1355391 1.1355391 1.0875353 1.2244192 1.2244192 1.1705889 1.1705889 1.1050542 1.1050542 1.1407205 1.3134773 1.3134773 1.4060359 1.4103506 1.4103506 1.3015808 1.3015808 1.5395079 1.1045916 1.1045916 1.0357050 1.2035201 1.2035201 1.1249882 1.1249882 1.2358882 1.2358882 1.2242247 1.2242247 1.1736438 1.1736438 1.2748914 1.2438600 1.2438600 1.1337930 1.1337930 1.8410425 1.9846838 1.9846838 1.7836337 1.7282575 1.5272500 1.5657513 1.8814441 1.7798151 1.7798151 1.5775439 1.7655710 1.7484718 1.7484718 1.6934898 1.6934898 2.1369647 1.9331672 1.7013198 1.8576158 1.6868011 1.7430072 2.0086706 2.0086706 1.6867772 1.6056472 2.1366185 2.1201009 1.8791822 1.7470200 
XP_020717055.1_aquaporin_isoform_X2__Ceratitis_capitata_                         1.0012779 1.0012779 0.8561988 0.8561988 0.9304787 0.9923163 0.9923163 0.9984286 0.9984286 0.9590658 0.9590658 0.0000010 0.0000000 0.2623630 0.2824735 0.2824735 0.4626677 0.4474847 0.4474847 0.4799241 0.4799241 0.8035664 0.9561279 0.7338761 0.7338761 0.7353735 0.8542105 0.8379209 0.8379209 0.8484145 0.8484145 0.7931140 0.7931140 0.7962942 0.7962942 0.8262178 0.8262178 0.7931998 0.7931998 0.7163988 0.7163988 0.9010426 0.9464334 0.9162092 0.9244574 0.9244574 0.9459537 0.8556864 0.9430528 1.1819004 1.1819004 1.0927876 1.0856859 1.1263094 1.1169197 0.9423208 0.9309450 0.7215230 0.7742222 0.7742222 0.7877577 0.8511818 1.2167915 0.7144727 1.0371853 1.0037037 1.0037037 1.1399311 1.1380314 1.1380314 1.1657199 1.1657199 1.2085793 1.2085793 1.1979224 1.1286084 1.1801413 1.1615899 1.0072859 1.0072859 1.1868478 1.2510756 1.2510756 1.1539365 1.0954227 1.0954227 1.2114683 1.0366410 1.0366410 1.2725010 1.2725010 1.1355391 1.1355391 1.0875353 1.2244192 1.2244192 1.1705889 1.1705889 1.1050542 1.1050542 1.1407205 1.3134773 1.3134773 1.4060359 1.4103506 1.4103506 1.3015808 1.3015808 1.5395079 1.1045916 1.1045916 1.0357050 1.2035201 1.2035201 1.1249882 1.1249882 1.2358882 1.2358882 1.2242247 1.2242247 1.1736438 1.1736438 1.2748914 1.2438600 1.2438600 1.1337930 1.1337930 1.8410425 1.9846838 1.9846838 1.7836337 1.7282575 1.5272500 1.5657513 1.8814441 1.7798151 1.7798151 1.5775439 1.7655710 1.7484718 1.7484718 1.6934898 1.6934898 2.1369647 1.9331672 1.7013198 1.8576158 1.6868011 1.7430072 2.0086706 2.0086706 1.6867772 1.6056472 2.1366185 2.1201009 1.8791822 1.7470200 
NP_001295945.1_aquaporin__Musca_domestica_                                       0.8875913 0.8875913 0.7688923 0.7688923 0.7539837 0.8736559 0.8736559 0.8578764 0.8578764 0.7785878 0.7785878 0.2623630 0.2623630 0.0000000 0.2798453 0.2798453 0.3609468 0.3831091 0.3831091 0.4327047 0.4327047 0.7047857 0.7793587 0.6094778 0.6094778 0.6239717 0.7242009 0.7425905 0.7425905 0.6883945 0.6883945 0.6707566 0.6707566 0.6841694 0.6841694 0.6671916 0.6671916 0.7248090 0.7248090 0.6446182 0.6446182 0.7220483 0.8086333 0.8830251 0.8217842 0.8217842 0.8639358 0.7444647 0.8744372 0.9500667 0.9500667 0.9507105 0.9595008 0.9278524 0.9573471 0.8180143 0.8075499 0.6466772 0.6996732 0.6996732 0.7570586 0.7586298 1.0028246 0.6620172 0.8138063 0.9208698 0.9208698 0.9165412 0.9984160 0.9984160 1.0145453 1.0145453 1.1780919 1.1780919 1.0959831 1.0304570 1.0300105 1.0294784 0.9670678 0.9670678 1.0422124 1.1268432 1.1268432 1.0184683 0.9920119 0.9920119 1.0934141 0.9505137 0.9505137 1.1555029 1.1555029 0.9698421 0.9698421 0.9050600 1.0170561 1.0170561 0.9349521 0.9349521 0.9383274 0.9383274 0.9737184 1.2471926 1.2471926 1.2467699 1.3109776 1.3109776 1.1378655 1.1378655 1.4432885 0.9800564 0.9800564 0.9190940 1.2124967 1.2124967 1.1300770 1.1300770 1.1822579 1.1822579 1.1824743 1.1824743 1.1672686 1.1672686 1.0811126 1.2020615 1.2020615 1.1091889 1.1091889 1.6947166 1.6774509 1.6774509 1.5100103 1.6462054 1.5693039 1.6498957 1.7268391 1.5232324 1.5232324 1.4318342 1.6241505 1.5178620 1.5178620 1.4510409 1.4510409 2.0269838 1.8711761 1.6353480 1.7992938 1.7586974 1.5613835 1.8279052 1.8279052 1.7375340 1.5774758 1.9050641 2.0875205 1.9569953 1.7732499 
XP_016930412.1_aquaporin_isoform_X1__Drosophila_suzukii_                         0.9126041 0.9126041 0.7013113 0.7013113 0.7623632 0.8734385 0.8734385 0.8958998 0.8958998 0.8589670 0.8589670 0.2824735 0.2824735 0.2798453 0.0000000 0.0000010 0.3905413 0.3422643 0.3422643 0.4553318 0.4553318 0.6241600 0.8029585 0.6310348 0.6310348 0.6291659 0.6758748 0.6484756 0.6484756 0.7017282 0.7017282 0.6264136 0.6264136 0.6160099 0.6160099 0.6509408 0.6509408 0.6590802 0.6590802 0.6073090 0.6073090 0.7103679 0.9190260 0.8796695 0.7996433 0.7996433 0.8844114 0.6618527 0.8880103 1.0638194 1.0638194 1.0045604 0.9780254 0.9639781 0.9652946 0.8507455 0.8398233 0.6859397 0.7834834 0.7834834 0.7897528 0.7319669 1.0599259 0.5925640 0.9549304 0.9092456 0.9092456 0.8945948 0.9558859 0.9558859 1.1349486 1.1349486 1.1584342 1.1584342 1.1424927 1.0725223 1.1339219 1.1145591 1.0608068 1.0608068 1.1437896 1.2682857 1.2682857 1.1825940 1.1184438 1.1184438 1.2240894 1.0662439 1.0662439 1.1099428 1.1099428 1.0506924 1.0506924 0.9359455 1.0998266 1.0998266 1.0277692 1.0277692 1.0675067 1.0675067 1.0741249 1.2210831 1.2210831 1.2092498 1.2825513 1.2825513 1.2512777 1.2512777 1.4079092 1.1702718 1.1702718 0.9987634 1.1525236 1.1525236 1.0596422 1.0596422 1.1517525 1.1517525 1.1337147 1.1337147 1.1529228 1.1529228 1.1498525 1.1752439 1.1752439 1.0571712 1.0571712 1.7921980 1.6707055 1.6707055 1.6351786 1.4641105 1.5108325 1.5325286 1.5719315 1.7329853 1.7329853 1.5170196 1.5874292 1.4523516 1.4523516 1.3747524 1.3747524 1.7740537 1.9309139 1.6000010 1.6975072 1.6134071 1.5710434 2.0249220 2.0249220 1.7868292 1.5897342 1.8642246 2.1246325 1.8260534 1.8112420 
XP_036669236.1_aquaporin_isoform_X2__Drosophila_suzukii_                         0.9126041 0.9126041 0.7013113 0.7013113 0.7623632 0.8734385 0.8734385 0.8958998 0.8958998 0.8589670 0.8589670 0.2824735 0.2824735 0.2798453 0.0000010 0.0000000 0.3905413 0.3422643 0.3422643 0.4553318 0.4553318 0.6241600 0.8029585 0.6310348 0.6310348 0.6291659 0.6758748 0.6484756 0.6484756 0.7017282 0.7017282 0.6264136 0.6264136 0.6160099 0.6160099 0.6509408 0.6509408 0.6590802 0.6590802 0.6073090 0.6073090 0.7103679 0.9190260 0.8796695 0.7996433 0.7996433 0.8844114 0.6618527 0.8880103 1.0638194 1.0638194 1.0045604 0.9780254 0.9639781 0.9652946 0.8507455 0.8398233 0.6859397 0.7834834 0.7834834 0.7897528 0.7319669 1.0599259 0.5925640 0.9549304 0.9092456 0.9092456 0.8945948 0.9558859 0.9558859 1.1349486 1.1349486 1.1584342 1.1584342 1.1424927 1.0725223 1.1339219 1.1145591 1.0608068 1.0608068 1.1437896 1.2682857 1.2682857 1.1825940 1.1184438 1.1184438 1.2240894 1.0662439 1.0662439 1.1099428 1.1099428 1.0506924 1.0506924 0.9359455 1.0998266 1.0998266 1.0277692 1.0277692 1.0675067 1.0675067 1.0741249 1.2210831 1.2210831 1.2092498 1.2825513 1.2825513 1.2512777 1.2512777 1.4079092 1.1702718 1.1702718 0.9987634 1.1525236 1.1525236 1.0596422 1.0596422 1.1517525 1.1517525 1.1337147 1.1337147 1.1529228 1.1529228 1.1498525 1.1752439 1.1752439 1.0571712 1.0571712 1.7921980 1.6707055 1.6707055 1.6351786 1.4641105 1.5108325 1.5325286 1.5719315 1.7329853 1.7329853 1.5170196 1.5874292 1.4523516 1.4523516 1.3747524 1.3747524 1.7740537 1.9309139 1.6000010 1.6975072 1.6134071 1.5710434 2.0249220 2.0249220 1.7868292 1.5897342 1.8642246 2.1246325 1.8260534 1.8112420 
XP_019893216.1_PREDICTED_aquaporin_isoform_X1__Musca_domestica_                  0.8195407 0.8195407 0.7459253 0.7459253 0.7233471 0.8351225 0.8351225 0.7875315 0.7875315 0.7434395 0.7434395 0.4626677 0.4626677 0.3609468 0.3905413 0.3905413 0.0000000 0.3654857 0.3654857 0.4530632 0.4530632 0.6677660 0.7740657 0.6204970 0.6204970 0.6238913 0.6610506 0.6323528 0.6323528 0.6306911 0.6306911 0.6426988 0.6426988 0.6229768 0.6229768 0.6829288 0.6829288 0.7761572 0.7761572 0.6588191 0.6588191 0.6920461 0.8630717 0.8848905 0.6671261 0.6671261 0.7888180 0.6599613 0.8675861 0.9236917 0.9236917 0.9431032 0.9719073 0.9278348 0.9394897 0.9199540 0.9088109 0.6094780 0.7190588 0.7190588 0.7515577 0.8709005 0.9998349 0.5829484 0.7543797 0.7920258 0.7920258 0.7870528 0.8421048 0.8421048 0.9430616 0.9430616 1.0990272 1.0990272 0.9216253 0.8862032 1.0130545 1.0018554 0.9437768 0.9437768 1.1086122 1.1133760 1.1133760 1.1217708 1.1005148 1.1005148 1.0652312 0.9884271 0.9884271 1.0450635 1.0450635 0.9083315 0.9083315 0.8957041 1.0061442 1.0061442 0.9253418 0.9253418 0.9690614 0.9690614 0.9518360 1.1314561 1.1314561 1.1364807 1.2339821 1.2339821 1.1801187 1.1801187 1.3747551 1.0863975 1.0863975 0.9301094 1.0191677 1.0191677 1.0700983 1.0700983 1.0308046 1.0308046 1.0467756 1.0467756 1.0741392 1.0741392 1.0393625 1.1301939 1.1301939 1.1683065 1.1683065 1.6504565 1.6961096 1.6961096 1.3744475 1.5012480 1.6157191 1.6485613 1.7004294 1.4817965 1.4817965 1.4815383 1.4679588 1.4604332 1.4604332 1.4671089 1.4671089 1.6889091 1.6708776 1.4287450 1.5848727 1.4667641 1.3776609 1.9755814 1.9755814 1.5363406 1.5548023 1.6089210 1.8962449 1.9390804 1.8149575 
XP_055916611.1_aquaporin_AQPAn.G_isoform_X1__Eupeodes_corollae_                  0.7468902 0.7468902 0.6707698 0.6707698 0.7276457 0.8206596 0.8206596 0.7440928 0.7440928 0.7718949 0.7718949 0.4474847 0.4474847 0.3831091 0.3422643 0.3422643 0.3654857 0.0000000 0.0000010 0.3235328 0.3235328 0.5896082 0.7235327 0.5630395 0.5630395 0.5660617 0.6472060 0.6502293 0.6502293 0.6906994 0.6906994 0.6201117 0.6201117 0.6396907 0.6396907 0.6988783 0.6988783 0.7644524 0.7644524 0.6344103 0.6344103 0.7595659 0.9165621 0.8515393 0.6381465 0.6381465 0.7699442 0.5547777 0.8505254 1.0192215 1.0192215 1.0778518 1.0488356 1.0301064 1.0464462 0.9400957 0.9288863 0.7386013 0.7230852 0.7230852 0.7762674 0.6836678 0.9753329 0.6251508 0.8822554 0.8502156 0.8502156 0.8757108 0.8891544 0.8891544 1.0054253 1.0054253 1.0804617 1.0804617 0.9327606 0.9060118 1.0617013 1.0240346 0.9016014 0.9016014 1.1000295 1.1286397 1.1286397 1.1595182 1.0773224 1.0773224 1.1007458 1.0640852 1.0640852 1.0699275 1.0699275 0.9475724 0.9475724 0.9633745 0.8712051 0.8712051 0.8781931 0.8781931 1.0504898 1.0504898 1.0639500 1.0182400 1.0182400 1.2088275 1.1260374 1.1260374 1.1286363 1.1286363 1.3970219 1.0814365 1.0814365 0.9036995 0.9938631 0.9938631 1.0020552 1.0020552 1.0720088 1.0720088 1.0589980 1.0589980 1.1124761 1.1124761 1.0387619 0.9057040 0.9057040 0.9963139 0.9963139 1.7822656 1.5766500 1.5766500 1.4229844 1.3835269 1.3513674 1.3238656 1.5440974 1.3991288 1.3991288 1.4103730 1.5297664 1.5527841 1.5527841 1.5010013 1.5010013 1.7716848 1.8263965 1.5338705 1.6836120 1.5691179 1.4386554 1.9745636 1.9745636 1.6264959 1.5256237 1.8554684 1.8708230 1.6383613 1.4818134 
XP_055916612.1_aquaporin_AQPAn.G_isoform_X2__Eupeodes_corollae_                  0.7468902 0.7468902 0.6707698 0.6707698 0.7276457 0.8206596 0.8206596 0.7440928 0.7440928 0.7718949 0.7718949 0.4474847 0.4474847 0.3831091 0.3422643 0.3422643 0.3654857 0.0000010 0.0000000 0.3235328 0.3235328 0.5896082 0.7235327 0.5630395 0.5630395 0.5660617 0.6472060 0.6502293 0.6502293 0.6906994 0.6906994 0.6201117 0.6201117 0.6396907 0.6396907 0.6988783 0.6988783 0.7644524 0.7644524 0.6344103 0.6344103 0.7595659 0.9165621 0.8515393 0.6381465 0.6381465 0.7699442 0.5547777 0.8505254 1.0192215 1.0192215 1.0778518 1.0488356 1.0301064 1.0464462 0.9400957 0.9288863 0.7386013 0.7230852 0.7230852 0.7762674 0.6836678 0.9753329 0.6251508 0.8822554 0.8502156 0.8502156 0.8757108 0.8891544 0.8891544 1.0054253 1.0054253 1.0804617 1.0804617 0.9327606 0.9060118 1.0617013 1.0240346 0.9016014 0.9016014 1.1000295 1.1286397 1.1286397 1.1595182 1.0773224 1.0773224 1.1007458 1.0640852 1.0640852 1.0699275 1.0699275 0.9475724 0.9475724 0.9633745 0.8712051 0.8712051 0.8781931 0.8781931 1.0504898 1.0504898 1.0639500 1.0182400 1.0182400 1.2088275 1.1260374 1.1260374 1.1286363 1.1286363 1.3970219 1.0814365 1.0814365 0.9036995 0.9938631 0.9938631 1.0020552 1.0020552 1.0720088 1.0720088 1.0589980 1.0589980 1.1124761 1.1124761 1.0387619 0.9057040 0.9057040 0.9963139 0.9963139 1.7822656 1.5766500 1.5766500 1.4229844 1.3835269 1.3513674 1.3238656 1.5440974 1.3991288 1.3991288 1.4103730 1.5297664 1.5527841 1.5527841 1.5010013 1.5010013 1.7716848 1.8263965 1.5338705 1.6836120 1.5691179 1.4386554 1.9745636 1.9745636 1.6264959 1.5256237 1.8554684 1.8708230 1.6383613 1.4818134 
XP_052562816.1_aquaporin_AQPAe.a_isoform_X2__Culex_pipiens_pallens_              0.6900782 0.6900782 0.5547791 0.5547791 0.5973971 0.7801904 0.7801904 0.7157148 0.7157148 0.7836844 0.7836844 0.4799241 0.4799241 0.4327047 0.4553318 0.4553318 0.4530632 0.3235328 0.3235328 0.0000000 0.0000010 0.5249330 0.5723485 0.5351346 0.5351346 0.5377352 0.6122545 0.5505419 0.5505419 0.5119519 0.5119519 0.4946989 0.4946989 0.4764840 0.4764840 0.5462389 0.5462389 0.6261732 0.6261732 0.5106893 0.5106893 0.6944322 0.8350161 0.7526331 0.6614698 0.6614698 0.6864858 0.5887846 0.8626951 0.9345293 0.9345293 0.8628548 0.8980771 0.7841276 0.7980284 0.7633773 0.7531176 0.5766239 0.6039055 0.6039055 0.6510356 0.6583276 0.8452945 0.5970948 0.7738088 0.8015366 0.8015366 0.7768884 0.8462411 0.8462411 0.8784965 0.8784965 0.9987121 0.9987121 0.8133390 0.8789427 0.9091472 0.8996594 0.8221586 0.8221586 0.9426509 1.0047586 1.0047586 0.9747737 0.9267939 0.9267939 1.0194670 0.9167360 0.9167360 1.0450438 1.0450438 0.9489607 0.9489607 0.8438157 0.9438664 0.9438664 0.8770718 0.8770718 0.9790989 0.9790989 0.9615748 1.0114710 1.0114710 1.1439152 1.1668381 1.1668381 1.0554456 1.0554456 1.3119335 0.9239409 0.9239409 0.9282780 0.9364525 0.9364525 0.9817678 0.9817678 0.9789666 0.9789666 0.9803911 0.9803911 1.0516805 1.0516805 0.9021489 0.9657989 0.9657989 0.9176743 0.9176743 1.8235678 1.4473813 1.4473813 1.3379394 1.3338870 1.2774900 1.3467805 1.6703793 1.4514986 1.4514986 1.3442669 1.5687354 1.3105159 1.3105159 1.2722475 1.2722475 1.7529781 1.6852046 1.5413239 1.5667029 1.6296877 1.6140407 2.1973891 2.1973891 1.5077149 1.7163100 1.9061686 1.8907535 1.5000100 1.4399229 
XP_052562817.1_aquaporin_AQPAe.a_isoform_X2__Culex_pipiens_pallens_              0.6900782 0.6900782 0.5547791 0.5547791 0.5973971 0.7801904 0.7801904 0.7157148 0.7157148 0.7836844 0.7836844 0.4799241 0.4799241 0.4327047 0.4553318 0.4553318 0.4530632 0.3235328 0.3235328 0.0000010 0.0000000 0.5249330 0.5723485 0.5351346 0.5351346 0.5377352 0.6122545 0.5505419 0.5505419 0.5119519 0.5119519 0.4946989 0.4946989 0.4764840 0.4764840 0.5462389 0.5462389 0.6261732 0.6261732 0.5106893 0.5106893 0.6944322 0.8350161 0.7526331 0.6614698 0.6614698 0.6864858 0.5887846 0.8626951 0.9345293 0.9345293 0.8628548 0.8980771 0.7841276 0.7980284 0.7633773 0.7531176 0.5766239 0.6039055 0.6039055 0.6510356 0.6583276 0.8452945 0.5970948 0.7738088 0.8015366 0.8015366 0.7768884 0.8462411 0.8462411 0.8784965 0.8784965 0.9987121 0.9987121 0.8133390 0.8789427 0.9091472 0.8996594 0.8221586 0.8221586 0.9426509 1.0047586 1.0047586 0.9747737 0.9267939 0.9267939 1.0194670 0.9167360 0.9167360 1.0450438 1.0450438 0.9489607 0.9489607 0.8438157 0.9438664 0.9438664 0.8770718 0.8770718 0.9790989 0.9790989 0.9615748 1.0114710 1.0114710 1.1439152 1.1668381 1.1668381 1.0554456 1.0554456 1.3119335 0.9239409 0.9239409 0.9282780 0.9364525 0.9364525 0.9817678 0.9817678 0.9789666 0.9789666 0.9803911 0.9803911 1.0516805 1.0516805 0.9021489 0.9657989 0.9657989 0.9176743 0.9176743 1.8235678 1.4473813 1.4473813 1.3379394 1.3338870 1.2774900 1.3467805 1.6703793 1.4514986 1.4514986 1.3442669 1.5687354 1.3105159 1.3105159 1.2722475 1.2722475 1.7529781 1.6852046 1.5413239 1.5667029 1.6296877 1.6140407 2.1973891 2.1973891 1.5077149 1.7163100 1.9061686 1.8907535 1.5000100 1.4399229 
XP_023708710.1_aquaporin_AQPAn.G__Cryptotermes_secundus_                         0.7599604 0.7599604 0.5467375 0.5467375 0.6049725 0.6411408 0.6411408 0.6562905 0.6562905 0.7176708 0.7176708 0.8035664 0.8035664 0.7047857 0.6241600 0.6241600 0.6677660 0.5896082 0.5896082 0.5249330 0.5249330 0.0000000 0.1554117 0.3358376 0.3358376 0.3467907 0.4033730 0.7261606 0.7261606 0.6098335 0.6098335 0.6598773 0.6598773 0.6382658 0.6382658 0.6161621 0.6161621 0.6509754 0.6509754 0.6228428 0.6228428 0.5030606 0.6953548 0.6517264 0.4578256 0.4578256 0.5302425 0.4142051 0.8404634 0.7645617 0.7645617 0.7018870 0.6907762 0.6532408 0.6362727 0.6507028 0.6408477 0.6390885 0.5837824 0.5837824 0.5881536 0.8241076 0.7442263 0.5733470 0.7095682 0.7378043 0.7378043 0.7552622 0.7546934 0.7546934 0.8598965 0.8598965 0.9458082 0.9458082 0.7934044 0.8361910 0.6627838 0.6607280 0.7067559 0.7067559 0.9007695 1.0006246 1.0006246 0.9259885 0.8778066 0.8778066 0.9875473 0.8760787 0.8760787 0.8838233 0.8838233 0.8132611 0.8132611 0.8060996 0.8553887 0.8553887 0.7721053 0.7721053 0.8264348 0.8264348 0.7937059 0.8497592 0.8497592 1.0010145 0.9675169 0.9675169 0.9236715 0.9236715 1.1547596 0.8071171 0.8071171 0.9578048 0.8461778 0.8461778 0.9301211 0.9301211 0.9515462 0.9515462 0.9529071 0.9529071 1.1318168 1.1318168 0.9993778 0.8565220 0.8565220 0.9819833 0.9819833 1.7784803 1.4710241 1.4710241 1.4344541 1.4548723 1.1987500 1.1939103 1.4592555 1.4986136 1.4986136 1.3280963 1.3848658 1.2748950 1.2748950 1.2548970 1.2548970 1.7798581 1.7613776 1.5286978 1.4901445 1.5912273 1.7040811 1.8895591 1.8895591 1.3277764 1.6654809 1.8906454 1.7114724 1.5279407 1.3808288 
XP_021934042.1_aquaporin_AQPAe.a-like__Zootermopsis_nevadensis_                  0.8215964 0.8215964 0.6182138 0.6182138 0.7079790 0.7590268 0.7590268 0.6989057 0.6989057 0.7319246 0.7319246 0.9561279 0.9561279 0.7793587 0.8029585 0.8029585 0.7740657 0.7235327 0.7235327 0.5723485 0.5723485 0.1554117 0.0000000 0.3795831 0.3795831 0.3933100 0.4714825 0.7536596 0.7536596 0.6258977 0.6258977 0.6824682 0.6824682 0.6711901 0.6711901 0.7126952 0.7126952 0.6934264 0.6934264 0.6716410 0.6716410 0.6708561 0.7497114 0.7911607 0.4882974 0.4882974 0.5570129 0.4604265 0.9226994 0.7823625 0.7823625 0.7756647 0.8065450 0.7987505 0.8191789 0.6707400 0.6588598 0.7853655 0.8365262 0.8365262 0.8212526 0.9713128 0.9000014 0.7247289 0.6869748 0.7536438 0.7536438 0.7417303 0.7922086 0.7922086 0.8571641 0.8571641 0.8824885 0.8824885 0.8857442 0.8857922 0.6150007 0.6355896 0.7788651 0.7788651 0.9882640 1.0348397 1.0348397 1.0100100 0.9197002 0.9197002 1.0502157 0.9385560 0.9385560 0.9314077 0.9314077 0.8290079 0.8290079 0.7448947 0.8783031 0.8783031 0.8853471 0.8853471 0.8157967 0.8157967 0.7818492 0.9091875 0.9091875 1.0567624 0.9490928 0.9490928 0.8987768 0.8987768 1.0432179 0.8179260 0.8179260 0.9366744 1.0029627 1.0029627 1.0680321 1.0680321 1.0591901 1.0591901 1.1013368 1.1013368 1.3002297 1.3002297 1.0109741 0.9322610 0.9322610 1.0310085 1.0310085 1.8439842 1.5540579 1.5540579 1.5707201 1.6777845 1.4140125 1.4129896 1.5322631 1.5926054 1.5926054 1.4146957 1.5288559 1.2354652 1.2354652 1.2529575 1.2529575 1.9133566 1.7353284 1.6144177 1.5868937 1.6340363 1.7632863 2.2034405 2.2034405 1.4251725 1.7764841 1.7857696 1.8957881 1.5518687 1.4209868 
XP_049845799.1_aquaporin_AQPAn.G__Schistocerca_gregaria_                         0.8402350 0.8402350 0.6622019 0.6622019 0.6553169 0.6732865 0.6732865 0.6663574 0.6663574 0.7336949 0.7336949 0.7338761 0.7338761 0.6094778 0.6310348 0.6310348 0.6204970 0.5630395 0.5630395 0.5351346 0.5351346 0.3358376 0.3795831 0.0000000 0.0000010 0.0122488 0.5766853 0.7260849 0.7260849 0.6826332 0.6826332 0.6634080 0.6634080 0.6535616 0.6535616 0.6535754 0.6535754 0.6626174 0.6626174 0.6152288 0.6152288 0.4975667 0.6746131 0.6792227 0.5898035 0.5898035 0.6999185 0.5344574 0.8647605 0.7785890 0.7785890 0.7106022 0.6549605 0.6297168 0.6130969 0.4772313 0.4684500 0.6683441 0.6549960 0.6549960 0.6441612 0.8052477 0.8622772 0.5989055 0.6755249 0.6977258 0.6977258 0.6771720 0.7300767 0.7300767 0.8383740 0.8383740 0.8627464 0.8627464 0.8183433 0.8094120 0.7545808 0.7320085 0.7201034 0.7201034 0.8434723 0.8985618 0.8985618 0.8972666 0.8429745 0.8429745 0.9578600 0.8425603 0.8425603 0.8998286 0.8998286 0.7834121 0.7834121 0.7216125 0.7946419 0.7946419 0.7291929 0.7291929 0.7799507 0.7799507 0.7721392 0.8605276 0.8605276 1.0746702 0.9861487 0.9861487 1.0015945 1.0015945 1.1918976 0.8637842 0.8637842 0.8383218 0.8554901 0.8554901 0.9009052 0.9009052 0.9983396 0.9983396 1.0030538 1.0030538 1.0304178 1.0304178 0.9770575 0.7794582 0.7794582 0.9193252 0.9193252 1.6087599 1.4711453 1.4711453 1.2804949 1.3814695 1.4579736 1.4171350 1.6329732 1.3748197 1.3748197 1.4073974 1.3826690 1.3133338 1.3133338 1.3592272 1.3592272 1.7366030 1.8100281 1.4915586 1.5148123 1.5744026 1.6031132 1.9200516 1.9200516 1.4381813 1.5851083 1.6707556 1.6660452 1.4898751 1.3708863 
