157
NP_001139376.1_aquaporin_isoform_1__Acyrthosiphon_pisum_                         0.0000000 0.0000010 0.6777964 0.6777964 0.9578823 1.0413391 1.0413391 0.8493454 0.8493454 0.8439358 0.8439358 1.0015336 1.0015336 0.8874907 0.9124518 0.9124518 0.8195419 0.7468224 0.7468224 0.6897550 0.6897550 0.7596082 0.8214086 0.8400251 0.8400251 0.8557051 0.7534086 1.0064267 1.0064267 1.0127335 1.0127335 1.0390579 1.0390579 1.0002509 1.0002509 1.0588654 1.0588654 1.0800442 1.0800442 0.9553009 0.9553009 0.8438777 0.9141104 0.8502199 0.7623877 0.7623877 0.8431049 0.8153813 0.8433237 0.9084784 0.9084784 0.9324668 0.9514487 0.8648332 0.8921595 0.9047353 0.8940311 0.7762569 0.7158205 0.7158205 0.7671081 0.9625593 1.0807604 1.0188216 0.9741969 0.9716344 0.9716344 1.0116511 1.0507187 1.0507187 1.1102011 1.1102011 1.2283757 1.2283757 0.9740376 0.9987696 0.9154762 0.9089468 0.8889236 0.8889236 1.1802143 1.3401256 1.3401256 1.2928073 1.2787299 1.2787299 1.2758750 1.1227647 1.1227647 1.1310853 1.1310853 1.0433522 1.0433522 1.0678321 1.1532672 1.1532672 1.1016459 1.1016459 1.0688044 1.0688044 1.0067567 1.2170304 1.2170304 1.3192213 1.3173829 1.3173829 1.2758319 1.2758319 1.4414347 1.1258993 1.1258993 1.1595900 1.1423308 1.1423308 1.1844345 1.1844345 1.1559115 1.1559115 1.1591484 1.1591484 1.2775594 1.2775594 0.9849833 1.1624623 1.1624623 1.0747025 1.0747025 1.9016715 1.2453652 1.2453652 1.2177577 1.1617608 1.3557038 1.2977812 1.3966563 1.4546920 1.4546920 1.2935300 1.4151005 1.3555275 1.3555275 1.3828475 1.3828475 1.4950687 1.5247578 1.5122717 1.5148072 1.6290651 1.4294061 1.9564233 1.9564233 1.5989428 1.6035705 2.0687851 1.9261984 1.5338635 1.6920480 
XP_029346917.1_aquaporin_AQPAe.a-like_isoform_X3__Acyrthosiphon_pisum_           0.0000010 0.0000000 0.6777964 0.6777964 0.9578823 1.0413391 1.0413391 0.8493454 0.8493454 0.8439358 0.8439358 1.0015336 1.0015336 0.8874907 0.9124518 0.9124518 0.8195419 0.7468224 0.7468224 0.6897550 0.6897550 0.7596082 0.8214086 0.8400251 0.8400251 0.8557051 0.7534086 1.0064267 1.0064267 1.0127335 1.0127335 1.0390579 1.0390579 1.0002509 1.0002509 1.0588654 1.0588654 1.0800442 1.0800442 0.9553009 0.9553009 0.8438777 0.9141104 0.8502199 0.7623877 0.7623877 0.8431049 0.8153813 0.8433237 0.9084784 0.9084784 0.9324668 0.9514487 0.8648332 0.8921595 0.9047353 0.8940311 0.7762569 0.7158205 0.7158205 0.7671081 0.9625593 1.0807604 1.0188216 0.9741969 0.9716344 0.9716344 1.0116511 1.0507187 1.0507187 1.1102011 1.1102011 1.2283757 1.2283757 0.9740376 0.9987696 0.9154762 0.9089468 0.8889236 0.8889236 1.1802143 1.3401256 1.3401256 1.2928073 1.2787299 1.2787299 1.2758750 1.1227647 1.1227647 1.1310853 1.1310853 1.0433522 1.0433522 1.0678321 1.1532672 1.1532672 1.1016459 1.1016459 1.0688044 1.0688044 1.0067567 1.2170304 1.2170304 1.3192213 1.3173829 1.3173829 1.2758319 1.2758319 1.4414347 1.1258993 1.1258993 1.1595900 1.1423308 1.1423308 1.1844345 1.1844345 1.1559115 1.1559115 1.1591484 1.1591484 1.2775594 1.2775594 0.9849833 1.1624623 1.1624623 1.0747025 1.0747025 1.9016715 1.2453652 1.2453652 1.2177577 1.1617608 1.3557038 1.2977812 1.3966563 1.4546920 1.4546920 1.2935300 1.4151005 1.3555275 1.3555275 1.3828475 1.3828475 1.4950687 1.5247578 1.5122717 1.5148072 1.6290651 1.4294061 1.9564233 1.9564233 1.5989428 1.6035705 2.0687851 1.9261984 1.5338635 1.6920480 
XP_019872963.2_aquaporin_AQPAe.a_isoform_X1__Aethina_tumida_                     0.6777964 0.6777964 0.0000000 0.0000010 0.3405524 0.4570369 0.4570369 0.4326226 0.4326226 0.4493754 0.4493754 0.8561611 0.8561611 0.7686851 0.7011258 0.7011258 0.7456349 0.6703953 0.6703953 0.5547061 0.5547061 0.5464769 0.6179925 0.6617078 0.6617078 0.6699015 0.5354923 0.6656129 0.6656129 0.6725534 0.6725534 0.5973015 0.5973015 0.5871311 0.5871311 0.6478259 0.6478259 0.6599498 0.6599498 0.6680455 0.6680455 0.6140023 0.7464082 0.6914427 0.5469296 0.5469296 0.5929243 0.6184270 0.6117079 0.7443214 0.7443214 0.8922957 0.9383573 0.8560017 0.8679328 0.8218775 0.8228268 0.7012762 0.6066150 0.6066150 0.6452902 0.7996053 0.7878611 0.4166770 0.7866800 0.8559138 0.8559138 0.7515687 0.8076681 0.8076681 0.8372633 0.8372633 0.9749861 0.9749861 0.8960694 0.9889040 0.8156301 0.8238530 0.7404704 0.7404704 0.9145631 0.9237346 0.9237346 0.8676926 0.8370368 0.8370368 0.9284496 0.8570018 0.8570018 1.1521958 1.1521958 0.8897565 0.8897565 0.9583465 0.9450287 0.9450287 0.9510683 0.9510683 0.9303537 0.9303537 0.9057399 1.1747783 1.1747783 1.1817976 1.1610661 1.1610661 1.2178604 1.2178604 1.3352841 0.9636583 0.9636583 0.8685481 1.0565650 1.0565650 1.0306393 1.0306393 1.1304482 1.1304482 1.1319530 1.1319530 1.1628602 1.1628602 0.9004369 0.8351703 0.8351703 0.9188610 0.9188610 1.8320963 1.4730444 1.4730444 1.5305868 1.4824871 1.5071967 1.5032932 1.5396143 1.4475746 1.4475746 1.3365440 1.4208076 1.3017636 1.3017636 1.3068845 1.3068845 1.6785604 1.6024995 1.4606229 1.4459495 1.5097245 1.4951008 1.8149284 1.8149284 1.4661592 1.6910773 1.8935432 1.8334861 1.3730569 1.2448372 
XP_049821553.1_aquaporin_AQPAe.a_isoform_X2__Aethina_tumida_                     0.6777964 0.6777964 0.0000010 0.0000000 0.3405524 0.4570369 0.4570369 0.4326226 0.4326226 0.4493754 0.4493754 0.8561611 0.8561611 0.7686851 0.7011258 0.7011258 0.7456349 0.6703953 0.6703953 0.5547061 0.5547061 0.5464769 0.6179925 0.6617078 0.6617078 0.6699015 0.5354923 0.6656129 0.6656129 0.6725534 0.6725534 0.5973015 0.5973015 0.5871311 0.5871311 0.6478259 0.6478259 0.6599498 0.6599498 0.6680455 0.6680455 0.6140023 0.7464082 0.6914427 0.5469296 0.5469296 0.5929243 0.6184270 0.6117079 0.7443214 0.7443214 0.8922957 0.9383573 0.8560017 0.8679328 0.8218775 0.8228268 0.7012762 0.6066150 0.6066150 0.6452902 0.7996053 0.7878611 0.4166770 0.7866800 0.8559138 0.8559138 0.7515687 0.8076681 0.8076681 0.8372633 0.8372633 0.9749861 0.9749861 0.8960694 0.9889040 0.8156301 0.8238530 0.7404704 0.7404704 0.9145631 0.9237346 0.9237346 0.8676926 0.8370368 0.8370368 0.9284496 0.8570018 0.8570018 1.1521958 1.1521958 0.8897565 0.8897565 0.9583465 0.9450287 0.9450287 0.9510683 0.9510683 0.9303537 0.9303537 0.9057399 1.1747783 1.1747783 1.1817976 1.1610661 1.1610661 1.2178604 1.2178604 1.3352841 0.9636583 0.9636583 0.8685481 1.0565650 1.0565650 1.0306393 1.0306393 1.1304482 1.1304482 1.1319530 1.1319530 1.1628602 1.1628602 0.9004369 0.8351703 0.8351703 0.9188610 0.9188610 1.8320963 1.4730444 1.4730444 1.5305868 1.4824871 1.5071967 1.5032932 1.5396143 1.4475746 1.4475746 1.3365440 1.4208076 1.3017636 1.3017636 1.3068845 1.3068845 1.6785604 1.6024995 1.4606229 1.4459495 1.5097245 1.4951008 1.8149284 1.8149284 1.4661592 1.6910773 1.8935432 1.8334861 1.3730569 1.2448372 
XP_018566280.1_aquaporin_AQPAe.a__Anoplophora_glabripennis_                      0.9578823 0.9578823 0.3405524 0.3405524 0.0000000 0.3913703 0.3913703 0.4072361 0.4072361 0.4578246 0.4578246 0.9299932 0.9299932 0.7535742 0.7619161 0.7619161 0.7229464 0.7271706 0.7271706 0.5971347 0.5971347 0.6046593 0.7075665 0.6548109 0.6548109 0.6533317 0.5308710 0.7861828 0.7861828 0.6897200 0.6897200 0.6084145 0.6084145 0.6062637 0.6062637 0.7302605 0.7302605 0.7839958 0.7839958 0.6328807 0.6328807 0.6795127 0.8006231 0.8254693 0.7047577 0.7047577 0.8135677 0.6895203 0.8979226 0.8980232 0.8980232 1.0055518 1.0099251 0.9522840 0.9560486 0.9235505 0.9392295 0.7578328 0.7240020 0.7240020 0.7485978 0.8403760 0.9688501 0.5179634 0.7722763 0.9245533 0.9245533 0.8317221 0.8291766 0.8291766 0.9282196 0.9282196 1.0202004 1.0202004 0.8394505 1.0655502 0.9127430 0.9294746 0.8895552 0.8895552 0.8379531 0.8414406 0.8414406 0.8161025 0.7479682 0.7479682 0.8636318 0.7775927 0.7775927 1.0832324 1.0832324 0.8642298 0.8642298 0.9807861 0.8526217 0.8526217 0.9119435 0.9119435 0.9157820 0.9157820 0.9132590 1.1225841 1.1225841 1.0763082 1.1030661 1.1030661 1.1424544 1.1424544 1.2191309 0.9644472 0.9644472 0.9692908 1.0175751 1.0175751 0.9338987 0.9338987 1.0243878 1.0243878 1.0493016 1.0493016 1.1666492 1.1666492 1.1017938 0.9021856 0.9021856 1.1840617 1.1840617 1.8669007 1.4922044 1.4922044 1.6393208 1.4618214 1.4460178 1.4572403 1.6783325 1.3366556 1.3366556 1.3697289 1.6464275 1.3465458 1.3465458 1.3677282 1.3677282 1.8989807 1.7411876 1.6115772 1.6011576 1.6370333 1.8295500 1.8496046 1.8496046 1.4708354 1.7145299 1.8171436 1.8708750 1.4871146 1.2755381 
XP_015839381.1_PREDICTED_aquaporin_AQPAe.a_isoform_X2__Tribolium_castaneum_      1.0413391 1.0413391 0.4570369 0.4570369 0.3913703 0.0000000 0.0000010 0.4981986 0.4981986 0.5314438 0.5314438 0.9920083 0.9920083 0.8735700 0.8732430 0.8732430 0.8349092 0.8203011 0.8203011 0.7798429 0.7798429 0.6407481 0.7587328 0.6728801 0.6728801 0.6772354 0.6930550 0.7859075 0.7859075 0.7646061 0.7646061 0.6507724 0.6507724 0.6463812 0.6463812 0.7463102 0.7463102 0.7870124 0.7870124 0.7012840 0.7012840 0.8045646 0.8730937 0.9247136 0.7252209 0.7252209 0.9083873 0.7272051 0.8992581 0.9093862 0.9093862 0.9950576 1.0012307 1.0078980 0.9863998 0.9749226 0.9915254 0.8166613 0.7368416 0.7368416 0.8146355 0.9633261 1.0479392 0.5654898 0.8089916 0.9166235 0.9166235 0.8201249 0.8248432 0.8248432 0.9244175 0.9244175 1.0296475 1.0296475 0.9477842 1.0997819 0.9325794 0.9524647 0.9229837 0.9229837 0.9570437 1.0174852 1.0174852 0.9503761 0.9615445 0.9615445 0.9592084 0.9302377 0.9302377 1.0474393 1.0474393 0.9274222 0.9274222 1.0848517 0.9427254 0.9427254 0.9245946 0.9245946 0.9421454 0.9421454 0.9379752 1.2470134 1.2470134 1.2984558 1.3064207 1.3064207 1.3703454 1.3703454 1.2992807 1.0891136 1.0891136 1.1184638 1.0026178 1.0026178 1.0216116 1.0216116 1.1064556 1.1064556 1.0643420 1.0643420 1.1598918 1.1598918 1.2015204 0.9252272 0.9252272 1.0866774 1.0866774 1.7110434 1.5324423 1.5324423 1.6338049 1.5688617 1.4995191 1.5015851 1.6148048 1.5524397 1.5524397 1.5520418 1.7701131 1.5256385 1.5256385 1.4680587 1.4680587 1.7902448 1.8437935 1.7350019 1.6651243 1.6870565 1.6120900 2.0642182 2.0642182 1.6097712 1.7229553 2.0828448 1.8956932 1.6287332 1.3955463 
XP_972862.1_PREDICTED_aquaporin_AQPcic_isoform_X1__Tribolium_castaneum_          1.0413391 1.0413391 0.4570369 0.4570369 0.3913703 0.0000010 0.0000000 0.4981986 0.4981986 0.5314438 0.5314438 0.9920083 0.9920083 0.8735700 0.8732430 0.8732430 0.8349092 0.8203011 0.8203011 0.7798429 0.7798429 0.6407481 0.7587328 0.6728801 0.6728801 0.6772354 0.6930550 0.7859075 0.7859075 0.7646061 0.7646061 0.6507724 0.6507724 0.6463812 0.6463812 0.7463102 0.7463102 0.7870124 0.7870124 0.7012840 0.7012840 0.8045646 0.8730937 0.9247136 0.7252209 0.7252209 0.9083873 0.7272051 0.8992581 0.9093862 0.9093862 0.9950576 1.0012307 1.0078980 0.9863998 0.9749226 0.9915254 0.8166613 0.7368416 0.7368416 0.8146355 0.9633261 1.0479392 0.5654898 0.8089916 0.9166235 0.9166235 0.8201249 0.8248432 0.8248432 0.9244175 0.9244175 1.0296475 1.0296475 0.9477842 1.0997819 0.9325794 0.9524647 0.9229837 0.9229837 0.9570437 1.0174852 1.0174852 0.9503761 0.9615445 0.9615445 0.9592084 0.9302377 0.9302377 1.0474393 1.0474393 0.9274222 0.9274222 1.0848517 0.9427254 0.9427254 0.9245946 0.9245946 0.9421454 0.9421454 0.9379752 1.2470134 1.2470134 1.2984558 1.3064207 1.3064207 1.3703454 1.3703454 1.2992807 1.0891136 1.0891136 1.1184638 1.0026178 1.0026178 1.0216116 1.0216116 1.1064556 1.1064556 1.0643420 1.0643420 1.1598918 1.1598918 1.2015204 0.9252272 0.9252272 1.0866774 1.0866774 1.7110434 1.5324423 1.5324423 1.6338049 1.5688617 1.4995191 1.5015851 1.6148048 1.5524397 1.5524397 1.5520418 1.7701131 1.5256385 1.5256385 1.4680587 1.4680587 1.7902448 1.8437935 1.7350019 1.6651243 1.6870565 1.6120900 2.0642182 2.0642182 1.6097712 1.7229553 2.0828448 1.8956932 1.6287332 1.3955463 
XP_044761979.1_aquaporin_AQPAn.G-like_isoform_X1__Coccinella_septempunctata_     0.8493454 0.8493454 0.4326226 0.4326226 0.4072361 0.4981986 0.4981986 0.0000000 0.0000010 0.0851541 0.0851541 0.9980736 0.9980736 0.8576069 0.8952339 0.8952339 0.7871685 0.7439798 0.7439798 0.7154227 0.7154227 0.6558166 0.6982899 0.6657450 0.6657450 0.6793686 0.5743393 0.8023049 0.8023049 0.7651087 0.7651087 0.6460331 0.6460331 0.6593620 0.6593620 0.7310868 0.7310868 0.8224043 0.8224043 0.6749824 0.6749824 0.7653067 0.8258116 0.8930518 0.4908737 0.4908737 0.6909661 0.6987489 0.8880198 0.9404310 0.9404310 0.9760094 0.9379260 0.9726615 0.9764164 0.8725115 0.8876409 0.8431363 0.7359782 0.7359782 0.8050528 1.0042312 0.9423420 0.6567784 0.7483222 0.8064741 0.8064741 0.7482973 0.7642016 0.7642016 0.7501383 0.7501383 0.9116509 0.9116509 0.7974908 0.9756844 0.8164735 0.8226999 0.7541663 0.7541663 0.8947251 0.9594207 0.9594207 0.8651181 0.8297480 0.8297480 0.8980779 0.8018203 0.8018203 1.0688424 1.0688424 0.8160613 0.8160613 0.8368309 0.9859957 0.9859957 0.9358294 0.9358294 0.8775059 0.8775059 0.8813881 1.2363190 1.2363190 1.2448575 1.3149446 1.3149446 1.2766936 1.2766936 1.3049307 0.9650594 0.9650594 0.9459586 0.9277934 0.9277934 0.9334169 0.9334169 1.0241547 1.0241547 1.0189132 1.0189132 1.0989674 1.0989674 1.0249492 0.8950143 0.8950143 0.9359251 0.9359251 1.9757389 1.4726316 1.4726316 1.4557707 1.4326150 1.4637431 1.4224346 1.5551106 1.4863392 1.4863392 1.4361906 1.5297729 1.3638605 1.3638605 1.3982790 1.3982790 1.8361156 1.5056266 1.5264820 1.4421057 1.6481046 1.5545827 2.0028953 2.0028953 1.3483042 1.7309774 2.0126398 1.6682131 1.5518291 1.3504570 
XP_044761980.1_aquaporin_AQPAn.G-like_isoform_X2__Coccinella_septempunctata_     0.8493454 0.8493454 0.4326226 0.4326226 0.4072361 0.4981986 0.4981986 0.0000010 0.0000000 0.0851541 0.0851541 0.9980736 0.9980736 0.8576069 0.8952339 0.8952339 0.7871685 0.7439798 0.7439798 0.7154227 0.7154227 0.6558166 0.6982899 0.6657450 0.6657450 0.6793686 0.5743393 0.8023049 0.8023049 0.7651087 0.7651087 0.6460331 0.6460331 0.6593620 0.6593620 0.7310868 0.7310868 0.8224043 0.8224043 0.6749824 0.6749824 0.7653067 0.8258116 0.8930518 0.4908737 0.4908737 0.6909661 0.6987489 0.8880198 0.9404310 0.9404310 0.9760094 0.9379260 0.9726615 0.9764164 0.8725115 0.8876409 0.8431363 0.7359782 0.7359782 0.8050528 1.0042312 0.9423420 0.6567784 0.7483222 0.8064741 0.8064741 0.7482973 0.7642016 0.7642016 0.7501383 0.7501383 0.9116509 0.9116509 0.7974908 0.9756844 0.8164735 0.8226999 0.7541663 0.7541663 0.8947251 0.9594207 0.9594207 0.8651181 0.8297480 0.8297480 0.8980779 0.8018203 0.8018203 1.0688424 1.0688424 0.8160613 0.8160613 0.8368309 0.9859957 0.9859957 0.9358294 0.9358294 0.8775059 0.8775059 0.8813881 1.2363190 1.2363190 1.2448575 1.3149446 1.3149446 1.2766936 1.2766936 1.3049307 0.9650594 0.9650594 0.9459586 0.9277934 0.9277934 0.9334169 0.9334169 1.0241547 1.0241547 1.0189132 1.0189132 1.0989674 1.0989674 1.0249492 0.8950143 0.8950143 0.9359251 0.9359251 1.9757389 1.4726316 1.4726316 1.4557707 1.4326150 1.4637431 1.4224346 1.5551106 1.4863392 1.4863392 1.4361906 1.5297729 1.3638605 1.3638605 1.3982790 1.3982790 1.8361156 1.5056266 1.5264820 1.4421057 1.6481046 1.5545827 2.0028953 2.0028953 1.3483042 1.7309774 2.0126398 1.6682131 1.5518291 1.3504570 
XP_045475581.1_aquaporin_AQPAe.a-like_isoform_X1__Harmonia_axyridis_             0.8439358 0.8439358 0.4493754 0.4493754 0.4578246 0.5314438 0.5314438 0.0851541 0.0851541 0.0000000 0.0000010 0.9586449 0.9586449 0.7783363 0.8582344 0.8582344 0.7429701 0.7716244 0.7716244 0.7832190 0.7832190 0.7172240 0.7313863 0.7331502 0.7331502 0.7475037 0.5942546 0.8390863 0.8390863 0.8172320 0.8172320 0.6995172 0.6995172 0.7085492 0.7085492 0.7626165 0.7626165 0.8458281 0.8458281 0.6580782 0.6580782 0.7413543 0.7716974 0.8417204 0.5292276 0.5292276 0.7261207 0.7321659 0.9164813 0.9701178 0.9701178 0.9775097 0.9839601 0.9873428 0.9911240 0.9613608 0.9777807 0.8337382 0.7854434 0.7854434 0.8571235 0.9791472 1.0074366 0.6926185 0.7770955 0.7786478 0.7786478 0.7642028 0.7706990 0.7706990 0.7734607 0.7734607 0.9607784 0.9607784 0.8334714 0.9840770 0.8474530 0.8517949 0.7726437 0.7726437 0.9270731 0.9714604 0.9714604 0.9117487 0.8749590 0.8749590 0.8916239 0.8315900 0.8315900 1.0621950 1.0621950 0.8334066 0.8334066 0.8738181 1.0202448 1.0202448 0.9531206 0.9531206 0.8650023 0.8650023 0.8981641 1.2613718 1.2613718 1.2457611 1.3131716 1.3131716 1.2783301 1.2783301 1.3593157 0.9155910 0.9155910 0.8804238 0.9591706 0.9591706 0.9670839 0.9670839 1.0377928 1.0377928 1.0386424 1.0386424 1.0844700 1.0844700 1.0734096 0.9286139 0.9286139 0.9719940 0.9719940 1.8634021 1.4689097 1.4689097 1.4286854 1.4520785 1.4994256 1.4598725 1.6255035 1.4101659 1.4101659 1.3903958 1.4401247 1.3810611 1.3810611 1.3368049 1.3368049 1.8621697 1.5401250 1.5610273 1.4800491 1.6184884 1.4881180 1.8426430 1.8426430 1.3309095 1.7111480 1.9608492 1.5911868 1.5356407 1.3294340 
XP_045475663.1_aquaporin_AQPAe.a-like_isoform_X2__Harmonia_axyridis_             0.8439358 0.8439358 0.4493754 0.4493754 0.4578246 0.5314438 0.5314438 0.0851541 0.0851541 0.0000010 0.0000000 0.9586449 0.9586449 0.7783363 0.8582344 0.8582344 0.7429701 0.7716244 0.7716244 0.7832190 0.7832190 0.7172240 0.7313863 0.7331502 0.7331502 0.7475037 0.5942546 0.8390863 0.8390863 0.8172320 0.8172320 0.6995172 0.6995172 0.7085492 0.7085492 0.7626165 0.7626165 0.8458281 0.8458281 0.6580782 0.6580782 0.7413543 0.7716974 0.8417204 0.5292276 0.5292276 0.7261207 0.7321659 0.9164813 0.9701178 0.9701178 0.9775097 0.9839601 0.9873428 0.9911240 0.9613608 0.9777807 0.8337382 0.7854434 0.7854434 0.8571235 0.9791472 1.0074366 0.6926185 0.7770955 0.7786478 0.7786478 0.7642028 0.7706990 0.7706990 0.7734607 0.7734607 0.9607784 0.9607784 0.8334714 0.9840770 0.8474530 0.8517949 0.7726437 0.7726437 0.9270731 0.9714604 0.9714604 0.9117487 0.8749590 0.8749590 0.8916239 0.8315900 0.8315900 1.0621950 1.0621950 0.8334066 0.8334066 0.8738181 1.0202448 1.0202448 0.9531206 0.9531206 0.8650023 0.8650023 0.8981641 1.2613718 1.2613718 1.2457611 1.3131716 1.3131716 1.2783301 1.2783301 1.3593157 0.9155910 0.9155910 0.8804238 0.9591706 0.9591706 0.9670839 0.9670839 1.0377928 1.0377928 1.0386424 1.0386424 1.0844700 1.0844700 1.0734096 0.9286139 0.9286139 0.9719940 0.9719940 1.8634021 1.4689097 1.4689097 1.4286854 1.4520785 1.4994256 1.4598725 1.6255035 1.4101659 1.4101659 1.3903958 1.4401247 1.3810611 1.3810611 1.3368049 1.3368049 1.8621697 1.5401250 1.5610273 1.4800491 1.6184884 1.4881180 1.8426430 1.8426430 1.3309095 1.7111480 1.9608492 1.5911868 1.5356407 1.3294340 
XP_004535901.1_aquaporin_isoform_X1__Ceratitis_capitata_                         1.0015336 1.0015336 0.8561611 0.8561611 0.9299932 0.9920083 0.9920083 0.9980736 0.9980736 0.9586449 0.9586449 0.0000000 0.0000010 0.2623110 0.2824036 0.2824036 0.4625653 0.4474239 0.4474239 0.4799326 0.4799326 0.8037984 0.9563376 0.7339584 0.7339584 0.7354706 0.8543814 0.8377015 0.8377015 0.8486888 0.8486888 0.7932224 0.7932224 0.7962601 0.7962601 0.8261031 0.8261031 0.7930675 0.7930675 0.7164653 0.7164653 0.9013927 0.9463446 0.9163577 0.9244018 0.9244018 0.9462320 0.8556878 0.9437427 1.1824222 1.1824222 1.0931846 1.0867251 1.1273428 1.1179802 0.9425942 0.9312522 0.7219295 0.7744534 0.7744534 0.7881920 0.8516914 1.2181101 0.7148539 1.0372550 1.0038998 1.0038998 1.1400915 1.1381833 1.1381833 1.1661047 1.1661047 1.2094277 1.2094277 1.1987926 1.1289550 1.1806708 1.1620933 1.0080948 1.0080948 1.1875929 1.2516177 1.2516177 1.1543591 1.0959147 1.0959147 1.2120454 1.0374763 1.0374763 1.2732443 1.2732443 1.1358195 1.1358195 1.0881031 1.2250974 1.2250974 1.1713235 1.1713235 1.1055251 1.1055251 1.1412231 1.3146013 1.3146013 1.4071297 1.4119712 1.4119712 1.3029756 1.3029756 1.5404043 1.1052522 1.1052522 1.0358966 1.2038014 1.2038014 1.1252786 1.1252786 1.2363699 1.2363699 1.2248285 1.2248285 1.1736936 1.1736936 1.2756435 1.2450734 1.2450734 1.1343326 1.1343326 1.8434655 1.9877880 1.9877880 1.7858930 1.7305064 1.5290856 1.5677158 1.8839972 1.7831697 1.7831697 1.5801023 1.7689147 1.7517501 1.7517501 1.6968647 1.6968647 2.1425973 1.9365603 1.7040162 1.8609569 1.6899530 1.7459756 2.0127247 2.0127247 1.6894410 1.6078185 2.1407703 2.1238619 1.8824620 1.7491588 
XP_020717055.1_aquaporin_isoform_X2__Ceratitis_capitata_                         1.0015336 1.0015336 0.8561611 0.8561611 0.9299932 0.9920083 0.9920083 0.9980736 0.9980736 0.9586449 0.9586449 0.0000010 0.0000000 0.2623110 0.2824036 0.2824036 0.4625653 0.4474239 0.4474239 0.4799326 0.4799326 0.8037984 0.9563376 0.7339584 0.7339584 0.7354706 0.8543814 0.8377015 0.8377015 0.8486888 0.8486888 0.7932224 0.7932224 0.7962601 0.7962601 0.8261031 0.8261031 0.7930675 0.7930675 0.7164653 0.7164653 0.9013927 0.9463446 0.9163577 0.9244018 0.9244018 0.9462320 0.8556878 0.9437427 1.1824222 1.1824222 1.0931846 1.0867251 1.1273428 1.1179802 0.9425942 0.9312522 0.7219295 0.7744534 0.7744534 0.7881920 0.8516914 1.2181101 0.7148539 1.0372550 1.0038998 1.0038998 1.1400915 1.1381833 1.1381833 1.1661047 1.1661047 1.2094277 1.2094277 1.1987926 1.1289550 1.1806708 1.1620933 1.0080948 1.0080948 1.1875929 1.2516177 1.2516177 1.1543591 1.0959147 1.0959147 1.2120454 1.0374763 1.0374763 1.2732443 1.2732443 1.1358195 1.1358195 1.0881031 1.2250974 1.2250974 1.1713235 1.1713235 1.1055251 1.1055251 1.1412231 1.3146013 1.3146013 1.4071297 1.4119712 1.4119712 1.3029756 1.3029756 1.5404043 1.1052522 1.1052522 1.0358966 1.2038014 1.2038014 1.1252786 1.1252786 1.2363699 1.2363699 1.2248285 1.2248285 1.1736936 1.1736936 1.2756435 1.2450734 1.2450734 1.1343326 1.1343326 1.8434655 1.9877880 1.9877880 1.7858930 1.7305064 1.5290856 1.5677158 1.8839972 1.7831697 1.7831697 1.5801023 1.7689147 1.7517501 1.7517501 1.6968647 1.6968647 2.1425973 1.9365603 1.7040162 1.8609569 1.6899530 1.7459756 2.0127247 2.0127247 1.6894410 1.6078185 2.1407703 2.1238619 1.8824620 1.7491588 
NP_001295945.1_aquaporin__Musca_domestica_                                       0.8874907 0.8874907 0.7686851 0.7686851 0.7535742 0.8735700 0.8735700 0.8576069 0.8576069 0.7783363 0.7783363 0.2623110 0.2623110 0.0000000 0.2797698 0.2797698 0.3607178 0.3829908 0.3829908 0.4326465 0.4326465 0.7049996 0.7797295 0.6092287 0.6092287 0.6238444 0.7242306 0.7423564 0.7423564 0.6887080 0.6887080 0.6708947 0.6708947 0.6842696 0.6842696 0.6671803 0.6671803 0.7246386 0.7246386 0.6446432 0.6446432 0.7219045 0.8084837 0.8830771 0.8218547 0.8218547 0.8645536 0.7446163 0.8746729 0.9501056 0.9501056 0.9510139 0.9601163 0.9283502 0.9578941 0.8178879 0.8074536 0.6465893 0.6996884 0.6996884 0.7570557 0.7592354 1.0035182 0.6620639 0.8139516 0.9212459 0.9212459 0.9167183 0.9984459 0.9984459 1.0148513 1.0148513 1.1789840 1.1789840 1.0964561 1.0309183 1.0303066 1.0297587 0.9674269 0.9674269 1.0429520 1.1272895 1.1272895 1.0187747 0.9923894 0.9923894 1.0940808 0.9511151 0.9511151 1.1564095 1.1564095 0.9701377 0.9701377 0.9054707 1.0177331 1.0177331 0.9354846 0.9354846 0.9386755 0.9386755 0.9741107 1.2482246 1.2482246 1.2477284 1.3122342 1.3122342 1.1387826 1.1387826 1.4441876 0.9807305 0.9807305 0.9192350 1.2125696 1.2125696 1.1304282 1.1304282 1.1826181 1.1826181 1.1829498 1.1829498 1.1676506 1.1676506 1.0816247 1.2034519 1.2034519 1.1096772 1.1096772 1.6977524 1.6799521 1.6799521 1.5118444 1.6486598 1.5715749 1.6522058 1.7289201 1.5255259 1.5255259 1.4340058 1.6264937 1.5203374 1.5203374 1.4536868 1.4536868 2.0321763 1.8739823 1.6377422 1.8024058 1.7620447 1.5640391 1.8316272 1.8316272 1.7402900 1.5799574 1.9089414 2.0913281 1.9602850 1.7758652 
XP_016930412.1_aquaporin_isoform_X1__Drosophila_suzukii_                         0.9124518 0.9124518 0.7011258 0.7011258 0.7619161 0.8732430 0.8732430 0.8952339 0.8952339 0.8582344 0.8582344 0.2824036 0.2824036 0.2797698 0.0000000 0.0000010 0.3903427 0.3420464 0.3420464 0.4552214 0.4552214 0.6242798 0.8030372 0.6309010 0.6309010 0.6290113 0.6758733 0.6483528 0.6483528 0.7017837 0.7017837 0.6264488 0.6264488 0.6160514 0.6160514 0.6508932 0.6508932 0.6589440 0.6589440 0.6073329 0.6073329 0.7105585 0.9190181 0.8798317 0.7995207 0.7995207 0.8845112 0.6618292 0.8884530 1.0640081 1.0640081 1.0047159 0.9784584 0.9643474 0.9657403 0.8508781 0.8399901 0.6860944 0.7832879 0.7832879 0.7899018 0.7322001 1.0609015 0.5925825 0.9552261 0.9097219 0.9097219 0.8948202 0.9560533 0.9560533 1.1354238 1.1354238 1.1591125 1.1591125 1.1430619 1.0732693 1.1341592 1.1148404 1.0613568 1.0613568 1.1445065 1.2688499 1.2688499 1.1830611 1.1189190 1.1189190 1.2249918 1.0668909 1.0668909 1.1104042 1.1104042 1.0509507 1.0509507 0.9363510 1.1004968 1.1004968 1.0284610 1.0284610 1.0679068 1.0679068 1.0745294 1.2215488 1.2215488 1.2099863 1.2834785 1.2834785 1.2519510 1.2519510 1.4085312 1.1708854 1.1708854 0.9989221 1.1523990 1.1523990 1.0597677 1.0597677 1.1518062 1.1518062 1.1338417 1.1338417 1.1530023 1.1530023 1.1504065 1.1762779 1.1762779 1.0579200 1.0579200 1.7950849 1.6730030 1.6730030 1.6370216 1.4654017 1.5125431 1.5341425 1.5729698 1.7355103 1.7355103 1.5191953 1.5894375 1.4545104 1.4545104 1.3769603 1.3769603 1.7776998 1.9339697 1.6024141 1.7002130 1.6164567 1.5736920 2.0288948 2.0288948 1.7894985 1.5918656 1.8676892 2.1288348 1.8289056 1.8135444 
XP_036669236.1_aquaporin_isoform_X2__Drosophila_suzukii_                         0.9124518 0.9124518 0.7011258 0.7011258 0.7619161 0.8732430 0.8732430 0.8952339 0.8952339 0.8582344 0.8582344 0.2824036 0.2824036 0.2797698 0.0000010 0.0000000 0.3903427 0.3420464 0.3420464 0.4552214 0.4552214 0.6242798 0.8030372 0.6309010 0.6309010 0.6290113 0.6758733 0.6483528 0.6483528 0.7017837 0.7017837 0.6264488 0.6264488 0.6160514 0.6160514 0.6508932 0.6508932 0.6589440 0.6589440 0.6073329 0.6073329 0.7105585 0.9190181 0.8798317 0.7995207 0.7995207 0.8845112 0.6618292 0.8884530 1.0640081 1.0640081 1.0047159 0.9784584 0.9643474 0.9657403 0.8508781 0.8399901 0.6860944 0.7832879 0.7832879 0.7899018 0.7322001 1.0609015 0.5925825 0.9552261 0.9097219 0.9097219 0.8948202 0.9560533 0.9560533 1.1354238 1.1354238 1.1591125 1.1591125 1.1430619 1.0732693 1.1341592 1.1148404 1.0613568 1.0613568 1.1445065 1.2688499 1.2688499 1.1830611 1.1189190 1.1189190 1.2249918 1.0668909 1.0668909 1.1104042 1.1104042 1.0509507 1.0509507 0.9363510 1.1004968 1.1004968 1.0284610 1.0284610 1.0679068 1.0679068 1.0745294 1.2215488 1.2215488 1.2099863 1.2834785 1.2834785 1.2519510 1.2519510 1.4085312 1.1708854 1.1708854 0.9989221 1.1523990 1.1523990 1.0597677 1.0597677 1.1518062 1.1518062 1.1338417 1.1338417 1.1530023 1.1530023 1.1504065 1.1762779 1.1762779 1.0579200 1.0579200 1.7950849 1.6730030 1.6730030 1.6370216 1.4654017 1.5125431 1.5341425 1.5729698 1.7355103 1.7355103 1.5191953 1.5894375 1.4545104 1.4545104 1.3769603 1.3769603 1.7776998 1.9339697 1.6024141 1.7002130 1.6164567 1.5736920 2.0288948 2.0288948 1.7894985 1.5918656 1.8676892 2.1288348 1.8289056 1.8135444 
XP_019893216.1_PREDICTED_aquaporin_isoform_X1__Musca_domestica_                  0.8195419 0.8195419 0.7456349 0.7456349 0.7229464 0.8349092 0.8349092 0.7871685 0.7871685 0.7429701 0.7429701 0.4625653 0.4625653 0.3607178 0.3903427 0.3903427 0.0000000 0.3654072 0.3654072 0.4529721 0.4529721 0.6677690 0.7742057 0.6205611 0.6205611 0.6239975 0.6609964 0.6322272 0.6322272 0.6309550 0.6309550 0.6427552 0.6427552 0.6229830 0.6229830 0.6828529 0.6828529 0.7760131 0.7760131 0.6588166 0.6588166 0.6919048 0.8628487 0.8847989 0.6671058 0.6671058 0.7887737 0.6597560 0.8675721 0.9234853 0.9234853 0.9435127 0.9725006 0.9284431 0.9400564 0.9200525 0.9089389 0.6093155 0.7189215 0.7189215 0.7516818 0.8712473 1.0004108 0.5826862 0.7544501 0.7922346 0.7922346 0.7872699 0.8421790 0.8421790 0.9432106 0.9432106 1.0997378 1.0997378 0.9221241 0.8866739 1.0132009 1.0020324 0.9440890 0.9440890 1.1091120 1.1136811 1.1136811 1.1219596 1.1006902 1.1006902 1.0658232 0.9888740 0.9888740 1.0453801 1.0453801 0.9086309 0.9086309 0.8961483 1.0066930 1.0066930 0.9258107 0.9258107 0.9693405 0.9693405 0.9522502 1.1323060 1.1323060 1.1370913 1.2350747 1.2350747 1.1807775 1.1807775 1.3757207 1.0867298 1.0867298 0.9300969 1.0193662 1.0193662 1.0705127 1.0705127 1.0311060 1.0311060 1.0471441 1.0471441 1.0746284 1.0746284 1.0397391 1.1310221 1.1310221 1.1686516 1.1686516 1.6524429 1.6984975 1.6984975 1.3761250 1.5031910 1.6173062 1.6501676 1.7022120 1.4835919 1.4835919 1.4833366 1.4696207 1.4622115 1.4622115 1.4689249 1.4689249 1.6915840 1.6727932 1.4305096 1.5866831 1.4685401 1.3793523 1.9781433 1.9781433 1.5381716 1.5560257 1.6119937 1.8985674 1.9416966 1.8168520 
XP_055916611.1_aquaporin_AQPAn.G_isoform_X1__Eupeodes_corollae_                  0.7468224 0.7468224 0.6703953 0.6703953 0.7271706 0.8203011 0.8203011 0.7439798 0.7439798 0.7716244 0.7716244 0.4474239 0.4474239 0.3829908 0.3420464 0.3420464 0.3654072 0.0000000 0.0000010 0.3233988 0.3233988 0.5895708 0.7237223 0.5629146 0.5629146 0.5659458 0.6469833 0.6500788 0.6500788 0.6906744 0.6906744 0.6200290 0.6200290 0.6395156 0.6395156 0.6988003 0.6988003 0.7641426 0.7641426 0.6344296 0.6344296 0.7592446 0.9162314 0.8511242 0.6380656 0.6380656 0.7699830 0.5545843 0.8508098 1.0192293 1.0192293 1.0780454 1.0493253 1.0306107 1.0469121 0.9403602 0.9291840 0.7385436 0.7228628 0.7228628 0.7761856 0.6838087 0.9758410 0.6246508 0.8821147 0.8504226 0.8504226 0.8757494 0.8890473 0.8890473 1.0055861 1.0055861 1.0811424 1.0811424 0.9331809 0.9065536 1.0620599 1.0243464 0.9019151 0.9019151 1.1006065 1.1291422 1.1291422 1.1597905 1.0778395 1.0778395 1.1012060 1.0644197 1.0644197 1.0700863 1.0700863 0.9481387 0.9481387 0.9637221 0.8718519 0.8718519 0.8785941 0.8785941 1.0510225 1.0510225 1.0644808 1.0186669 1.0186669 1.2092540 1.1267750 1.1267750 1.1293150 1.1293150 1.3975808 1.0812921 1.0812921 0.9042536 0.9938423 0.9938423 1.0023753 1.0023753 1.0721785 1.0721785 1.0589961 1.0589961 1.1125325 1.1125325 1.0390244 0.9066037 0.9066037 0.9961496 0.9961496 1.7849099 1.5782660 1.5782660 1.4243708 1.3850881 1.3525039 1.3249612 1.5459352 1.4009405 1.4009405 1.4124072 1.5316121 1.5547433 1.5547433 1.5029621 1.5029621 1.7750085 1.8287360 1.5359528 1.6862833 1.5712840 1.4408504 1.9778725 1.9778725 1.6290736 1.5272175 1.8589676 1.8729145 1.6398627 1.4830370 
XP_055916612.1_aquaporin_AQPAn.G_isoform_X2__Eupeodes_corollae_                  0.7468224 0.7468224 0.6703953 0.6703953 0.7271706 0.8203011 0.8203011 0.7439798 0.7439798 0.7716244 0.7716244 0.4474239 0.4474239 0.3829908 0.3420464 0.3420464 0.3654072 0.0000010 0.0000000 0.3233988 0.3233988 0.5895708 0.7237223 0.5629146 0.5629146 0.5659458 0.6469833 0.6500788 0.6500788 0.6906744 0.6906744 0.6200290 0.6200290 0.6395156 0.6395156 0.6988003 0.6988003 0.7641426 0.7641426 0.6344296 0.6344296 0.7592446 0.9162314 0.8511242 0.6380656 0.6380656 0.7699830 0.5545843 0.8508098 1.0192293 1.0192293 1.0780454 1.0493253 1.0306107 1.0469121 0.9403602 0.9291840 0.7385436 0.7228628 0.7228628 0.7761856 0.6838087 0.9758410 0.6246508 0.8821147 0.8504226 0.8504226 0.8757494 0.8890473 0.8890473 1.0055861 1.0055861 1.0811424 1.0811424 0.9331809 0.9065536 1.0620599 1.0243464 0.9019151 0.9019151 1.1006065 1.1291422 1.1291422 1.1597905 1.0778395 1.0778395 1.1012060 1.0644197 1.0644197 1.0700863 1.0700863 0.9481387 0.9481387 0.9637221 0.8718519 0.8718519 0.8785941 0.8785941 1.0510225 1.0510225 1.0644808 1.0186669 1.0186669 1.2092540 1.1267750 1.1267750 1.1293150 1.1293150 1.3975808 1.0812921 1.0812921 0.9042536 0.9938423 0.9938423 1.0023753 1.0023753 1.0721785 1.0721785 1.0589961 1.0589961 1.1125325 1.1125325 1.0390244 0.9066037 0.9066037 0.9961496 0.9961496 1.7849099 1.5782660 1.5782660 1.4243708 1.3850881 1.3525039 1.3249612 1.5459352 1.4009405 1.4009405 1.4124072 1.5316121 1.5547433 1.5547433 1.5029621 1.5029621 1.7750085 1.8287360 1.5359528 1.6862833 1.5712840 1.4408504 1.9778725 1.9778725 1.6290736 1.5272175 1.8589676 1.8729145 1.6398627 1.4830370 
XP_052562816.1_aquaporin_AQPAe.a_isoform_X2__Culex_pipiens_pallens_              0.6897550 0.6897550 0.5547061 0.5547061 0.5971347 0.7798429 0.7798429 0.7154227 0.7154227 0.7832190 0.7832190 0.4799326 0.4799326 0.4326465 0.4552214 0.4552214 0.4529721 0.3233988 0.3233988 0.0000000 0.0000010 0.5247846 0.5723368 0.5350476 0.5350476 0.5376734 0.6119351 0.5503828 0.5503828 0.5118980 0.5118980 0.4947367 0.4947367 0.4764877 0.4764877 0.5460630 0.5460630 0.6257065 0.6257065 0.5106291 0.5106291 0.6943729 0.8349602 0.7525628 0.6613305 0.6613305 0.6867042 0.5885178 0.8631526 0.9347401 0.9347401 0.8626126 0.8982149 0.7844220 0.7982868 0.7632284 0.7530036 0.5764944 0.6037247 0.6037247 0.6508858 0.6586580 0.8456073 0.5968798 0.7738570 0.8014956 0.8014956 0.7769847 0.8460309 0.8460309 0.8787078 0.8787078 0.9989968 0.9989968 0.8134689 0.8790960 0.9094488 0.8999210 0.8222409 0.8222409 0.9432470 1.0053367 1.0053367 0.9752007 0.9274950 0.9274950 1.0199469 0.9171627 0.9171627 1.0454299 1.0454299 0.9495785 0.9495785 0.8440973 0.9442887 0.9442887 0.8774915 0.8774915 0.9797004 0.9797004 0.9621713 1.0120955 1.0120955 1.1444403 1.1676914 1.1676914 1.0562038 1.0562038 1.3128688 0.9239331 0.9239331 0.9285019 0.9366881 0.9366881 0.9822991 0.9822991 0.9792995 0.9792995 0.9806701 0.9806701 1.0520196 1.0520196 0.9022835 0.9663508 0.9663508 0.9176820 0.9176820 1.8262272 1.4485762 1.4485762 1.3388846 1.3350019 1.2783891 1.3476581 1.6721294 1.4532354 1.4532354 1.3456257 1.5709453 1.3121429 1.3121429 1.2739096 1.2739096 1.7563166 1.6875256 1.5434825 1.5693330 1.6321441 1.6160865 2.2017440 2.2017440 1.5103141 1.7185427 1.9095718 1.8933437 1.5012320 1.4412566 
XP_052562817.1_aquaporin_AQPAe.a_isoform_X2__Culex_pipiens_pallens_              0.6897550 0.6897550 0.5547061 0.5547061 0.5971347 0.7798429 0.7798429 0.7154227 0.7154227 0.7832190 0.7832190 0.4799326 0.4799326 0.4326465 0.4552214 0.4552214 0.4529721 0.3233988 0.3233988 0.0000010 0.0000000 0.5247846 0.5723368 0.5350476 0.5350476 0.5376734 0.6119351 0.5503828 0.5503828 0.5118980 0.5118980 0.4947367 0.4947367 0.4764877 0.4764877 0.5460630 0.5460630 0.6257065 0.6257065 0.5106291 0.5106291 0.6943729 0.8349602 0.7525628 0.6613305 0.6613305 0.6867042 0.5885178 0.8631526 0.9347401 0.9347401 0.8626126 0.8982149 0.7844220 0.7982868 0.7632284 0.7530036 0.5764944 0.6037247 0.6037247 0.6508858 0.6586580 0.8456073 0.5968798 0.7738570 0.8014956 0.8014956 0.7769847 0.8460309 0.8460309 0.8787078 0.8787078 0.9989968 0.9989968 0.8134689 0.8790960 0.9094488 0.8999210 0.8222409 0.8222409 0.9432470 1.0053367 1.0053367 0.9752007 0.9274950 0.9274950 1.0199469 0.9171627 0.9171627 1.0454299 1.0454299 0.9495785 0.9495785 0.8440973 0.9442887 0.9442887 0.8774915 0.8774915 0.9797004 0.9797004 0.9621713 1.0120955 1.0120955 1.1444403 1.1676914 1.1676914 1.0562038 1.0562038 1.3128688 0.9239331 0.9239331 0.9285019 0.9366881 0.9366881 0.9822991 0.9822991 0.9792995 0.9792995 0.9806701 0.9806701 1.0520196 1.0520196 0.9022835 0.9663508 0.9663508 0.9176820 0.9176820 1.8262272 1.4485762 1.4485762 1.3388846 1.3350019 1.2783891 1.3476581 1.6721294 1.4532354 1.4532354 1.3456257 1.5709453 1.3121429 1.3121429 1.2739096 1.2739096 1.7563166 1.6875256 1.5434825 1.5693330 1.6321441 1.6160865 2.2017440 2.2017440 1.5103141 1.7185427 1.9095718 1.8933437 1.5012320 1.4412566 
XP_023708710.1_aquaporin_AQPAn.G__Cryptotermes_secundus_                         0.7596082 0.7596082 0.5464769 0.5464769 0.6046593 0.6407481 0.6407481 0.6558166 0.6558166 0.7172240 0.7172240 0.8037984 0.8037984 0.7049996 0.6242798 0.6242798 0.6677690 0.5895708 0.5895708 0.5247846 0.5247846 0.0000000 0.1553947 0.3358210 0.3358210 0.3467862 0.4030298 0.7259699 0.7259699 0.6097776 0.6097776 0.6598433 0.6598433 0.6381991 0.6381991 0.6161923 0.6161923 0.6510709 0.6510709 0.6231114 0.6231114 0.5030240 0.6953867 0.6517283 0.4575485 0.4575485 0.5300084 0.4140627 0.8408749 0.7644832 0.7644832 0.7016304 0.6906358 0.6530715 0.6360969 0.6506863 0.6408660 0.6389872 0.5836666 0.5836666 0.5881387 0.8243667 0.7445563 0.5730591 0.7093788 0.7378002 0.7378002 0.7552848 0.7545245 0.7545245 0.8596480 0.8596480 0.9463056 0.9463056 0.7933703 0.8359728 0.6627479 0.6606599 0.7066807 0.7066807 0.9009119 1.0008914 1.0008914 0.9260321 0.8782346 0.8782346 0.9877107 0.8763814 0.8763814 0.8839225 0.8839225 0.8133416 0.8133416 0.8062853 0.8556102 0.8556102 0.7721322 0.7721322 0.8266435 0.8266435 0.7939353 0.8500398 0.8500398 1.0011445 0.9678933 0.9678933 0.9239633 0.9239633 1.1551136 0.8069858 0.8069858 0.9581132 0.8463012 0.8463012 0.9302749 0.9302749 0.9514586 0.9514586 0.9528503 0.9528503 1.1322270 1.1322270 0.9992763 0.8569980 0.8569980 0.9821286 0.9821286 1.7810526 1.4717841 1.4717841 1.4355598 1.4554453 1.1993912 1.1943730 1.4598437 1.4999515 1.4999515 1.3296980 1.3864392 1.2761810 1.2761810 1.2562384 1.2562384 1.7826522 1.7628589 1.5299751 1.4916054 1.5927864 1.7064168 1.8925665 1.8925665 1.3291254 1.6669651 1.8936921 1.7135478 1.5292256 1.3821399 
XP_021934042.1_aquaporin_AQPAe.a-like__Zootermopsis_nevadensis_                  0.8214086 0.8214086 0.6179925 0.6179925 0.7075665 0.7587328 0.7587328 0.6982899 0.6982899 0.7313863 0.7313863 0.9563376 0.9563376 0.7797295 0.8030372 0.8030372 0.7742057 0.7237223 0.7237223 0.5723368 0.5723368 0.1553947 0.0000000 0.3796553 0.3796553 0.3934038 0.4712254 0.7535182 0.7535182 0.6259974 0.6259974 0.6826544 0.6826544 0.6713188 0.6713188 0.7128078 0.7128078 0.6937895 0.6937895 0.6719764 0.6719764 0.6709818 0.7498621 0.7913299 0.4880097 0.4880097 0.5567565 0.4604567 0.9231292 0.7824705 0.7824705 0.7755785 0.8065654 0.7986945 0.8190906 0.6707753 0.6589307 0.7853882 0.8367063 0.8367063 0.8213980 0.9718723 0.9005548 0.7244628 0.6870443 0.7538153 0.7538153 0.7419821 0.7922373 0.7922373 0.8570915 0.8570915 0.8829397 0.8829397 0.8855202 0.8853824 0.6149585 0.6355805 0.7788318 0.7788318 0.9886632 1.0352221 1.0352221 1.0101422 0.9199435 0.9199435 1.0506782 0.9387874 0.9387874 0.9317255 0.9317255 0.8286942 0.8286942 0.7449721 0.8786370 0.8786370 0.8855172 0.8855172 0.8157628 0.8157628 0.7818295 0.9095081 0.9095081 1.0569799 0.9495229 0.9495229 0.8992202 0.8992202 1.0434352 0.8178533 0.8178533 0.9366288 1.0028979 1.0028979 1.0678109 1.0678109 1.0588893 1.0588893 1.1011160 1.1011160 1.3007270 1.3007270 1.0110972 0.9327272 0.9327272 1.0314019 1.0314019 1.8464261 1.5547870 1.5547870 1.5724482 1.6789782 1.4148248 1.4138470 1.5324931 1.5941511 1.5941511 1.4163383 1.5308316 1.2365639 1.2365639 1.2541415 1.2541415 1.9167821 1.7366403 1.6161034 1.5886542 1.6358286 1.7654965 2.2069610 2.2069610 1.4262988 1.7783541 1.7886407 1.8979196 1.5527892 1.4218841 
XP_049845799.1_aquaporin_AQPAn.G__Schistocerca_gregaria_                         0.8400251 0.8400251 0.6617078 0.6617078 0.6548109 0.6728801 0.6728801 0.6657450 0.6657450 0.7331502 0.7331502 0.7339584 0.7339584 0.6092287 0.6309010 0.6309010 0.6205611 0.5629146 0.5629146 0.5350476 0.5350476 0.3358210 0.3796553 0.0000000 0.0000010 0.0122476 0.5763692 0.7258781 0.7258781 0.6826996 0.6826996 0.6631599 0.6631599 0.6533567 0.6533567 0.6532879 0.6532879 0.6622903 0.6622903 0.6151319 0.6151319 0.4973669 0.6741086 0.6787090 0.5896320 0.5896320 0.6998243 0.5343363 0.8645367 0.7781112 0.7781112 0.7101251 0.6547489 0.6295435 0.6129122 0.4767990 0.4680561 0.6683221 0.6548782 0.6548782 0.6440762 0.8052782 0.8624436 0.5985317 0.6754195 0.6977172 0.6977172 0.6771968 0.7299194 0.7299194 0.8382455 0.8382455 0.8628843 0.8628843 0.8184718 0.8093629 0.7546281 0.7320384 0.7200338 0.7200338 0.8431999 0.8982882 0.8982882 0.8968632 0.8426776 0.8426776 0.9576633 0.8423575 0.8423575 0.8999473 0.8999473 0.7832585 0.7832585 0.7217362 0.7948870 0.7948870 0.7290988 0.7290988 0.7802401 0.7802401 0.7724721 0.8606921 0.8606921 1.0749525 0.9864783 0.9864783 1.0019805 1.0019805 1.1923843 0.8637203 0.8637203 0.8384082 0.8553217 0.8553217 0.9007535 0.9007535 0.9981615 0.9981615 1.0027627 1.0027627 1.0305688 1.0305688 0.9769113 0.7797050 0.7797050 0.9192588 0.9192588 1.6107334 1.4723861 1.4723861 1.2814211 1.3825059 1.4589847 1.4179991 1.6342894 1.3762937 1.3762937 1.4088679 1.3838419 1.3148777 1.3148777 1.3608590 1.3608590 1.7406224 1.8122874 1.4935423 1.5170281 1.5761775 1.6055793 1.9230931 1.9230931 1.4403415 1.5865869 1.6726491 1.6684431 1.4911826 1.3723522 
